100 1000
1 2
2 3
2 4
1 5
5 6
3 7
6 8
4 9
6 10
3 11
7 12
4 13
5 14
12 15
14 16
11 17
15 18
13 19
19 20
8 21
16 22
13 23
5 24
18 25
8 26
16 27
13 28
24 29
16 30
12 31
17 32
30 33
14 34
22 35
29 36
34 37
2 38
14 39
26 40
20 41
38 42
19 43
8 44
31 45
18 46
28 47
18 48
34 49
23 50
50 51
25 52
22 53
22 54
30 55
7 56
42 57
5 58
47 59
21 60
22 61
13 62
62 63
59 64
26 65
65 66
19 67
51 68
38 69
41 70
64 71
67 72
54 73
68 74
25 75
34 76
66 77
73 78
56 79
49 80
68 81
30 82
8 83
64 84
59 85
26 86
76 87
20 88
77 89
45 90
1 91
41 92
49 93
74 94
93 95
14 96
4 97
6 98
30 99
11 100
20 42
25 50
29 71
89 95
48 72
73 76
7 92
5 27
49 87
38 50
22 80
20 23
2 81
22 47
17 80
8 29
72 96
28 94
70 98
46 47
18 100
30 91
30 94
3 45
16 58
79 100
44 68
12 17
13 21
35 51
6 73
19 65
17 83
37 89
36 37
9 68
31 77
24 83
20 56
14 44
23 44
81 93
33 66
53 100
22 27
55 85
4 23
12 30
24 62
69 88
60 96
16 40
22 77
17 34
9 20
17 28
10 75
1 3
25 80
35 95
82 98
16 24
35 65
3 66
6 65
33 76
1 25
95 96
1 73
29 53
34 53
55 67
23 81
31 100
24 67
40 99
55 74
52 58
17 38
22 75
7 97
55 97
27 75
41 66
31 86
34 83
17 55
86 94
22 63
15 93
51 57
42 52
10 56
85 98
42 85
5 93
24 58
49 61
78 91
56 96
27 93
10 32
9 14
81 84
84 98
39 56
49 94
48 49
37 75
51 78
16 100
5 83
46 72
64 91
5 59
55 98
22 49
33 49
10 61
62 74
7 99
16 65
86 92
59 70
29 73
4 44
43 80
11 57
42 98
16 21
26 88
22 87
16 88
18 99
39 45
72 83
68 71
20 26
12 58
62 65
18 47
11 80
72 100
18 81
34 67
18 83
35 83
49 64
50 74
11 60
43 71
19 68
28 37
90 95
9 73
29 78
64 87
27 99
7 51
23 60
9 72
5 35
57 95
28 63
18 90
56 59
48 54
89 91
28 81
60 95
83 95
69 80
30 69
76 99
17 45
4 73
38 53
5 55
37 40
3 99
33 93
59 68
23 70
10 39
20 32
2 74
20 48
13 17
28 73
58 65
54 62
13 98
56 57
11 84
16 81
46 69
14 66
12 13
91 100
16 31
77 80
7 14
31 94
79 93
79 90
10 22
72 87
39 99
14 52
13 49
82 95
19 49
6 35
15 17
13 85
14 20
87 91
13 94
33 85
14 82
37 48
7 53
8 95
10 62
57 99
27 87
20 72
51 88
9 16
1 90
78 85
6 92
37 97
13 70
14 50
54 88
42 87
23 46
10 65
90 100
87 99
37 62
46 75
4 15
7 41
25 59
73 95
15 40
4 8
91 93
3 58
45 78
22 30
11 32
10 36
29 77
26 50
20 58
52 82
47 50
5 86
14 40
73 84
49 83
47 58
37 94
37 82
65 83
6 79
69 84
35 78
28 42
23 36
73 97
15 28
13 64
65 88
11 25
15 44
8 27
53 97
85 88
76 88
7 44
44 100
63 76
40 77
30 64
28 82
70 84
4 48
14 88
26 97
81 88
14 69
44 49
42 46
37 87
23 74
31 43
21 59
12 92
12 40
4 94
2 21
7 46
80 93
14 47
2 56
36 96
43 57
64 68
25 86
19 69
52 87
64 83
59 97
28 66
82 89
30 67
48 82
22 86
27 73
64 92
60 61
43 84
10 91
59 86
66 83
4 52
28 68
51 66
46 59
20 85
69 78
26 73
25 56
59 78
30 77
40 46
43 64
47 90
16 57
72 93
11 53
26 98
24 37
21 76
83 92
4 10
26 100
30 49
27 44
52 91
31 35
8 55
25 69
20 38
44 85
69 90
2 97
78 84
28 58
16 79
41 69
11 24
81 98
33 77
29 88
17 51
70 80
41 78
61 85
23 28
59 75
22 38
52 100
53 62
17 47
30 43
17 21
22 50
74 99
13 60
52 98
70 87
23 78
2 50
3 30
45 93
68 80
39 97
15 57
45 61
2 23
42 70
64 97
63 90
21 80
19 78
87 88
34 55
60 74
6 24
62 81
3 83
13 57
31 57
33 78
65 80
26 44
32 42
7 15
68 77
19 72
7 94
25 37
2 63
8 70
58 88
31 33
10 47
1 93
9 19
61 88
46 64
7 78
59 92
23 57
43 96
42 82
44 82
5 75
7 72
3 31
34 40
30 65
17 39
3 60
4 76
4 7
32 94
36 48
54 83
65 98
8 38
93 94
46 53
39 59
15 41
50 69
51 99
7 34
60 90
1 39
44 89
12 68
5 21
59 98
6 46
22 26
61 95
17 61
21 65
33 37
39 82
75 77
34 43
28 79
22 94
63 75
21 37
85 86
26 30
63 86
42 79
73 89
24 46
1 17
46 85
76 97
5 36
27 94
59 82
65 89
11 94
30 46
74 91
30 97
21 31
14 62
44 53
27 65
75 96
77 85
61 77
84 90
31 50
26 75
71 84
46 65
49 98
16 43
96 100
42 63
20 97
12 51
3 9
17 74
49 71
34 100
23 93
70 88
45 88
71 76
27 71
10 97
13 99
14 68
77 100
50 57
55 82
60 99
18 98
35 64
3 88
23 26
59 93
88 98
69 81
11 83
1 97
45 70
49 60
21 84
67 80
32 95
69 95
3 51
29 57
33 80
14 63
4 40
37 92
46 56
71 79
67 87
29 83
40 47
41 83
87 92
31 52
43 90
88 94
26 85
23 76
5 10
27 96
9 64
37 43
10 67
19 87
6 71
86 97
33 81
22 84
74 95
15 75
23 80
2 58
37 63
55 90
43 53
73 91
4 82
27 85
22 91
17 92
38 72
21 54
3 32
8 60
59 61
42 43
44 86
24 57
45 52
2 11
20 73
16 87
77 98
11 40
23 69
56 73
5 11
9 50
50 62
12 60
12 87
31 82
55 76
40 45
13 68
21 45
38 55
38 90
32 52
30 62
66 85
58 62
32 49
66 87
7 79
57 79
33 74
42 67
45 99
24 43
14 18
14 65
21 91
17 58
20 37
41 88
10 31
11 12
31 75
17 93
59 100
32 48
2 41
20 45
9 51
34 71
74 87
17 33
46 74
4 66
21 86
74 76
29 46
36 99
21 61
39 68
29 42
18 34
12 65
84 92
26 66
13 52
25 45
34 41
77 84
25 90
5 44
82 93
12 18
11 66
13 43
21 68
8 100
5 47
92 100
21 92
24 76
43 45
88 100
60 77
35 57
85 99
73 81
6 70
44 48
35 86
13 48
15 68
52 63
28 34
53 83
24 35
26 35
36 38
1 49
63 89
88 89
33 73
57 63
21 95
52 65
5 23
7 8
23 75
66 82
67 99
11 44
4 39
74 85
26 53
38 99
18 21
14 28
88 95
63 81
27 63
34 90
27 81
62 90
11 22
89 96
2 22
44 94
5 22
24 95
72 85
54 77
15 97
4 51
69 100
31 91
76 89
38 47
23 77
30 51
39 49
62 83
4 43
29 52
31 93
47 57
7 77
62 85
55 65
17 42
51 62
19 48
76 80
15 83
11 85
21 38
16 83
8 90
2 83
55 80
45 56
57 90
15 82
1 36
39 76
54 57
20 93
75 90
17 77
2 69
57 66
5 13
12 69
19 79
26 61
40 70
11 62
77 94
8 36
80 85
8 12
34 46
7 59
67 100
2 68
84 93
23 52
22 89
69 70
44 90
29 96
78 99
10 21
38 88
56 68
48 80
19 44
11 19
71 87
48 81
32 81
40 57
35 69
6 100
47 71
20 35
34 94
10 23
9 82
4 84
32 60
8 81
29 63
27 88
10 77
33 100
53 98
9 36
19 82
74 96
76 77
76 85
34 59
15 84
60 66
34 54
25 38
39 55
63 93
12 90
25 85
47 81
59 62
36 52
28 32
4 80
48 51
1 95
49 90
10 42
21 39
50 96
2 90
48 96
30 48
41 72
24 59
61 72
24 47
60 79
13 38
39 90
60 84
39 47
55 73
71 82
37 51
12 93
38 68
39 43
29 87
70 99
46 66
18 69
6 51
2 7
57 71
52 66
11 14
49 95
58 91
30 93
61 69
11 15
6 85
25 67
3 71
60 72
29 81
4 79
4 72
48 69
52 80
48 100
65 81
25 66
50 91
69 93
33 34
31 51
29 35
15 42
70 97
66 95
65 92
71 72
19 47
12 19
16 23
56 75
8 82
21 41
15 22
93 99
42 78
15 61
51 85
35 79
13 84
13 86
32 41
64 67
13 26
21 72
67 77
17 50
27 56
37 78
