100 1000
1 2
1 3
3 4
2 5
3 6
1 7
5 8
5 9
2 10
6 11
7 12
8 13
5 14
11 15
13 16
8 17
11 18
13 19
10 20
8 21
21 22
19 23
6 24
17 25
10 26
12 27
25 28
19 29
7 30
2 31
20 32
22 33
9 34
23 35
27 36
6 37
15 38
29 39
29 40
3 41
30 42
23 43
12 44
36 45
22 46
29 47
14 48
27 49
17 50
22 51
24 52
4 53
43 54
38 55
17 56
9 57
53 58
57 59
26 60
17 61
37 62
10 63
1 64
62 65
7 66
12 67
21 68
62 69
24 70
39 71
25 72
22 73
12 74
10 75
27 76
76 77
18 78
40 79
78 80
46 81
19 82
38 83
2 84
19 85
16 86
35 87
54 88
20 89
19 90
16 91
77 92
2 93
56 94
39 95
35 96
63 97
45 98
55 99
12 100
73 82
25 27
7 83
21 71
86 95
2 40
26 80
19 94
13 44
11 34
5 27
25 34
11 67
7 90
6 8
13 21
16 49
13 57
10 31
46 49
4 61
26 84
2 4
31 43
48 88
54 85
18 53
10 78
45 65
22 96
57 66
81 90
20 72
15 84
43 93
64 96
45 90
11 24
20 56
18 43
37 60
21 44
30 76
20 90
12 50
25 73
61 76
21 29
49 55
10 86
68 89
35 81
37 75
15 29
54 77
13 100
81 82
21 82
33 94
47 53
82 98
28 71
46 61
5 53
12 42
38 88
66 83
36 91
3 18
14 96
53 80
48 55
20 92
56 83
24 26
39 81
69 70
16 99
32 50
32 53
39 42
57 94
29 74
78 97
59 62
64 95
4 10
77 83
25 32
25 74
28 48
57 100
32 64
21 46
6 40
30 100
1 35
22 85
38 39
27 99
9 98
17 72
12 26
28 42
55 80
8 100
13 83
53 97
53 82
59 79
35 69
10 66
55 92
16 56
10 15
8 83
33 42
28 81
5 64
59 89
75 79
35 91
60 68
22 63
34 95
20 63
29 66
94 96
15 35
45 68
36 51
41 42
7 54
34 47
22 23
33 70
57 72
24 83
26 94
21 32
26 47
23 24
18 45
24 68
11 29
61 80
32 58
78 89
28 53
11 70
4 46
32 40
58 69
17 20
26 100
14 23
11 64
1 9
4 12
50 51
1 57
4 24
67 87
84 97
46 54
74 84
38 97
42 75
19 32
44 70
70 97
68 80
11 38
43 81
39 56
20 49
8 64
30 35
21 33
35 98
4 28
46 86
25 70
4 80
28 32
32 62
9 100
20 88
88 100
4 52
62 73
22 32
59 61
66 86
35 94
77 88
4 57
21 49
65 93
47 96
8 97
39 73
20 26
5 54
2 34
30 96
40 80
2 48
27 74
30 71
48 53
44 48
63 80
1 61
18 98
2 58
53 60
11 21
34 48
52 56
22 70
67 85
49 62
25 83
18 60
2 23
1 97
88 93
10 27
19 80
19 78
10 50
1 27
68 85
9 66
19 76
63 68
67 98
8 52
69 87
75 88
70 81
43 52
47 90
19 46
56 71
45 58
42 83
43 56
39 61
32 56
19 73
44 65
7 46
7 25
67 99
82 92
63 65
89 99
82 99
7 80
5 37
1 70
5 73
16 40
15 74
2 100
68 97
12 70
15 83
43 85
74 87
36 72
27 80
16 68
76 94
36 93
54 93
64 67
18 85
98 99
55 77
92 93
8 78
8 23
6 95
28 55
22 40
3 97
74 75
18 41
39 46
48 50
15 25
22 27
20 65
12 19
39 41
15 99
49 68
13 65
21 80
80 92
71 89
49 82
7 16
32 55
17 55
5 24
22 83
74 79
76 78
51 95
21 98
28 65
27 85
16 36
72 86
10 45
20 57
7 64
35 75
16 77
9 62
36 61
17 18
69 91
91 98
33 66
15 68
9 95
78 83
47 63
54 69
47 80
25 91
70 93
11 19
74 81
38 60
5 59
2 99
20 41
32 73
18 95
58 78
4 41
28 68
54 86
33 81
39 72
55 79
24 89
23 36
16 31
22 24
33 44
43 50
15 47
64 68
15 72
37 53
28 56
22 57
42 45
39 77
16 74
11 28
10 35
71 88
23 29
44 72
4 20
52 97
39 83
5 94
6 30
13 54
2 87
30 46
29 67
9 44
6 41
12 48
84 93
3 61
15 41
33 84
6 96
21 63
18 66
11 20
41 74
14 57
14 22
27 39
13 17
1 12
27 92
39 52
13 31
10 95
29 65
53 62
51 78
37 58
46 96
20 42
89 92
6 25
18 19
49 79
41 48
48 91
13 48
8 90
20 35
53 71
52 90
29 34
16 28
17 40
34 87
13 45
3 38
12 82
12 49
53 56
35 90
4 13
29 57
42 82
2 38
7 15
36 95
9 84
2 9
26 70
18 91
13 56
35 68
4 88
7 56
29 64
69 83
6 32
26 46
30 52
63 85
41 75
1 49
39 40
16 39
44 80
33 50
46 100
3 58
13 60
23 88
56 80
13 88
47 59
29 84
36 59
27 88
3 80
53 85
7 98
15 97
63 83
10 37
16 23
14 62
34 69
22 58
43 89
5 77
23 99
24 56
28 54
36 52
16 37
32 49
19 61
60 97
20 95
22 52
20 52
81 94
15 95
57 93
3 76
57 90
43 84
16 67
85 92
17 60
4 74
21 96
81 99
51 73
47 76
97 100
60 74
1 36
20 70
20 82
8 10
93 99
75 99
48 79
15 91
7 48
15 33
28 88
89 93
22 100
46 51
43 98
70 79
7 47
9 77
69 84
14 39
17 37
82 87
77 85
69 80
85 89
43 59
12 28
56 86
31 80
38 50
30 47
11 59
48 68
18 22
14 49
5 89
71 78
52 73
11 83
85 87
77 97
40 62
36 43
19 70
40 58
6 92
35 67
27 42
64 82
46 91
9 15
72 75
89 100
53 64
5 74
10 24
22 53
43 71
48 96
34 99
19 45
84 96
14 55
71 74
40 45
64 87
59 80
79 85
25 76
22 47
57 87
38 42
22 78
29 96
30 75
20 64
37 64
42 55
76 82
75 94
47 78
18 28
72 96
54 61
95 100
46 67
82 91
56 72
8 81
32 59
50 74
10 62
17 36
22 84
32 96
8 22
39 47
93 95
40 42
74 91
18 77
92 100
34 96
44 98
37 94
18 69
48 64
49 66
54 76
41 63
56 61
46 71
49 56
5 98
64 76
27 28
2 16
15 18
40 85
28 41
88 89
29 95
24 75
63 90
68 87
24 37
61 97
25 90
50 81
2 50
16 48
17 29
90 99
42 46
48 58
9 25
51 52
82 84
21 91
2 67
10 84
37 46
79 83
5 46
39 48
34 43
62 70
18 42
83 97
54 71
51 91
6 21
22 30
76 79
61 81
25 41
27 89
11 46
45 74
8 20
19 26
32 35
57 99
4 76
23 38
35 50
26 97
33 37
86 87
42 54
14 41
13 40
65 97
42 85
33 48
33 49
76 86
50 76
16 71
10 44
9 59
1 33
36 47
63 99
12 37
62 93
32 97
14 99
78 92
31 69
11 87
12 77
5 83
38 93
10 46
27 97
65 83
9 78
47 55
24 25
3 47
27 70
69 99
52 100
39 62
20 48
23 30
13 14
2 98
1 72
17 21
51 56
69 95
90 97
61 68
4 90
28 46
4 43
31 94
33 36
1 53
76 81
41 99
5 97
29 35
17 82
11 53
27 58
15 96
5 81
29 98
36 68
43 46
37 43
20 96
2 64
26 78
54 73
31 65
25 54
22 79
58 91
68 94
88 95
67 89
79 80
20 79
35 86
34 53
22 71
14 50
2 61
33 76
54 98
74 86
74 95
71 92
21 74
20 50
61 79
42 69
8 89
65 92
27 98
20 66
37 49
58 87
44 64
40 68
36 87
17 95
4 96
62 64
9 73
39 76
22 38
16 83
56 85
4 16
52 70
36 99
24 88
30 83
74 77
65 86
6 23
50 54
68 77
24 39
41 94
77 95
17 41
78 96
39 96
14 83
88 91
10 77
4 84
51 94
43 77
25 49
47 85
38 48
33 35
25 86
7 86
84 88
60 77
3 43
19 98
11 84
17 88
80 95
10 40
54 67
18 72
29 71
2 27
43 60
34 78
65 100
2 12
3 45
39 67
19 88
2 92
4 85
84 90
63 91
37 76
18 36
10 82
24 60
60 80
1 30
2 77
31 70
21 47
3 73
53 54
36 71
3 17
48 84
8 70
69 85
59 81
52 53
69 89
60 91
11 40
14 34
58 98
12 75
42 66
72 93
36 44
25 37
24 46
25 43
20 73
5 67
51 96
58 77
27 72
54 59
29 73
29 56
52 58
73 79
11 69
44 49
62 81
10 65
29 87
40 96
32 44
40 93
5 35
85 86
31 71
57 84
54 56
61 99
7 50
7 36
29 85
62 79
25 99
52 75
66 97
61 74
16 30
26 96
19 31
5 18
15 27
13 50
