50 500
1 2
1 3
2 4
4 5
2 6
1 7
7 8
5 9
4 10
1 11
2 12
10 13
4 14
5 15
12 16
2 17
16 18
15 19
17 20
15 21
17 22
9 23
17 24
9 25
17 26
8 27
3 28
27 29
16 30
13 31
4 32
15 33
25 34
29 35
8 36
35 37
25 38
7 39
28 40
21 41
22 42
13 43
39 44
21 45
20 46
17 47
28 48
22 49
10 50
1 5
18 24
9 34
18 43
1 21
36 39
22 36
20 44
3 10
3 46
13 34
10 36
3 11
12 34
26 28
36 43
29 44
9 28
9 38
11 36
47 48
31 38
10 18
15 18
11 45
3 20
8 37
42 43
4 44
13 40
10 48
15 23
46 47
1 45
19 35
21 50
15 29
15 44
24 30
3 35
38 45
7 21
15 49
28 49
4 30
16 45
1 50
6 20
9 12
9 30
34 35
3 17
19 26
13 41
1 44
18 45
26 39
1 19
44 46
10 38
2 23
30 44
29 50
15 41
15 46
26 49
30 47
33 38
11 35
2 36
4 41
21 22
13 18
13 49
12 38
3 34
15 48
8 17
12 15
2 10
13 28
5 14
15 40
3 16
8 25
16 17
45 48
12 28
4 16
7 12
31 50
38 39
3 29
22 41
20 43
24 26
25 35
1 33
11 34
30 42
12 40
17 31
25 31
39 48
17 33
18 25
17 19
27 50
22 26
43 50
16 35
7 14
14 46
4 13
10 19
2 5
14 25
4 35
4 17
31 45
16 44
16 23
2 27
19 41
2 13
6 35
3 37
2 50
7 44
8 28
4 19
1 30
32 41
34 42
38 44
13 48
3 26
20 40
34 44
32 50
12 33
17 25
38 41
3 14
13 30
18 29
20 31
13 15
15 50
30 46
27 44
22 24
29 47
9 27
34 48
18 32
5 30
36 40
5 17
6 9
46 50
9 18
22 29
7 19
39 43
4 47
1 13
24 44
7 17
24 45
34 49
38 42
3 25
1 22
20 25
6 25
26 27
12 50
1 9
11 40
10 44
33 43
12 46
22 33
28 32
11 16
30 43
46 49
27 30
31 39
37 38
17 18
21 25
8 12
27 33
26 37
7 34
20 39
18 46
3 23
10 26
1 24
11 26
3 50
13 21
24 41
6 41
16 49
22 47
14 23
14 27
4 31
22 38
22 31
25 27
14 16
9 42
20 33
1 46
5 22
21 36
26 41
16 20
33 36
7 35
4 49
16 33
42 44
28 29
15 31
6 12
6 34
6 48
25 42
30 36
27 35
43 48
19 37
4 45
17 21
8 9
41 46
29 42
8 11
16 39
17 30
1 32
21 37
27 28
12 21
5 11
5 25
20 42
11 15
29 33
4 38
14 50
3 18
44 47
26 33
14 24
8 31
16 34
7 49
7 48
16 26
19 45
6 7
1 16
31 41
9 43
2 16
32 45
32 46
13 22
13 29
9 17
1 28
29 46
9 21
20 21
33 40
23 36
37 47
2 11
3 41
35 40
34 47
12 49
6 32
28 45
2 18
25 48
21 38
29 41
30 50
37 41
10 39
5 34
4 34
27 39
34 40
9 10
24 48
23 37
16 29
6 17
12 25
14 49
23 28
12 22
7 30
21 32
13 44
6 11
18 35
7 42
2 7
19 50
6 14
19 36
10 41
12 41
6 42
8 40
2 44
8 22
43 44
35 44
10 34
8 15
9 16
28 50
3 48
17 23
4 27
17 40
6 21
33 39
3 9
11 41
2 19
28 43
23 25
4 43
13 42
18 30
4 37
20 45
35 50
28 30
6 45
21 35
5 50
12 18
34 36
30 49
23 48
11 21
26 36
26 30
14 38
24 36
19 29
11 30
7 37
11 43
30 31
30 38
5 12
19 47
24 28
7 36
26 34
2 37
10 23
9 49
13 37
14 29
5 29
11 50
1 40
23 26
5 26
3 38
21 46
17 36
9 11
1 4
11 19
30 32
23 40
17 49
21 24
37 43
18 37
16 31
27 46
18 48
5 40
23 42
11 44
30 35
38 48
20 35
1 23
25 41
13 50
23 27
13 26
20 28
33 49
2 41
5 38
1 48
4 21
20 29
15 32
38 40
38 50
15 36
3 40
3 30
7 50
47 49
5 31
6 39
37 49
5 23
27 40
28 47
23 34
22 40
15 27
14 41
19 27
5 44
41 48
12 43
41 50
16 27
33 50
25 50
2 31
18 40
3 47
27 41
13 14
32 39
28 46
1 14
