50 500
1 2
2 3
2 4
3 5
3 6
5 7
6 8
1 9
8 10
8 11
6 12
9 13
1 14
10 15
2 16
1 17
11 18
6 19
8 20
15 21
7 22
7 23
1 24
9 25
16 26
3 27
16 28
21 29
6 30
10 31
8 32
11 33
33 34
17 35
9 36
3 37
34 38
3 39
10 40
35 41
7 42
25 43
6 44
28 45
24 46
16 47
8 48
12 49
19 50
4 49
26 38
20 42
18 37
25 29
33 38
6 21
14 33
18 30
4 34
10 49
27 38
11 35
24 28
3 41
9 17
6 31
5 38
19 28
37 38
2 13
10 18
5 40
10 13
14 50
1 31
15 44
10 20
40 46
17 48
23 48
18 21
26 31
4 17
15 41
9 12
2 20
28 36
40 49
33 44
22 44
1 3
1 50
36 50
6 10
3 36
45 47
6 23
7 14
10 22
2 45
13 34
37 41
24 43
30 49
9 26
11 26
6 49
12 50
30 45
39 48
13 38
19 33
13 36
11 39
25 35
11 27
11 38
4 46
18 29
24 31
25 36
30 44
22 29
1 20
26 50
38 40
22 42
1 4
32 49
27 32
29 33
19 42
20 24
26 41
10 27
1 49
34 40
41 45
14 22
14 46
11 50
14 38
15 22
11 15
4 42
9 39
5 25
42 47
5 37
16 23
22 39
12 32
29 38
25 39
15 29
22 46
9 33
15 27
4 8
12 16
32 47
7 34
31 36
4 39
10 23
37 42
16 29
8 13
2 46
48 50
15 38
39 50
21 23
10 25
14 29
9 16
8 22
46 50
4 22
1 19
27 30
10 28
11 47
20 32
2 31
16 25
8 29
12 29
16 50
6 17
27 44
32 44
1 46
31 39
42 48
18 39
14 32
13 33
7 38
17 25
3 7
11 45
6 47
36 45
34 41
30 41
9 27
7 31
29 39
11 12
20 37
28 42
17 45
32 35
4 13
30 50
34 48
7 39
15 36
16 37
24 25
33 50
17 44
6 45
4 35
11 48
1 22
27 37
15 20
4 43
3 21
23 44
16 19
27 49
8 40
15 37
6 24
20 22
6 37
26 39
35 49
13 23
39 43
20 43
10 39
36 47
18 47
5 35
10 21
13 37
25 44
12 37
26 35
3 14
40 43
8 49
19 41
2 18
16 31
23 36
2 36
27 40
9 43
37 50
17 29
21 47
19 38
8 27
7 21
39 41
10 43
25 49
2 47
19 22
24 30
33 40
5 19
13 41
6 36
33 43
15 30
2 14
9 38
17 43
16 18
11 30
24 50
9 20
28 32
5 6
17 24
17 30
17 39
10 41
12 24
17 42
7 37
7 48
23 30
41 42
26 44
17 20
3 30
2 38
31 45
12 18
13 43
36 39
23 40
32 33
38 44
19 27
17 27
12 46
22 36
11 17
12 26
33 45
3 16
38 45
7 45
6 38
15 43
9 24
5 26
6 32
16 21
20 41
20 28
23 32
5 12
5 29
20 48
25 48
26 37
9 35
10 24
18 48
2 41
8 17
19 47
4 37
34 44
20 27
37 43
20 45
43 45
6 25
16 30
39 49
31 37
5 16
3 9
25 47
38 43
30 38
28 46
23 27
7 29
9 49
16 22
3 19
13 27
11 31
16 17
2 17
36 43
21 49
22 47
8 26
17 49
14 49
29 47
2 28
11 36
5 34
1 38
2 26
21 24
8 15
8 38
3 31
23 26
6 7
16 48
17 26
41 50
3 46
15 35
25 46
14 40
33 46
15 18
8 46
10 33
8 19
15 45
12 44
24 33
18 20
6 26
35 50
22 33
7 41
48 49
4 20
16 46
2 19
32 42
4 9
7 26
43 47
35 39
21 39
14 48
19 35
16 49
1 36
26 46
6 33
6 14
2 50
15 28
44 47
18 34
15 34
38 41
18 26
23 33
19 36
32 46
13 50
18 25
4 11
9 41
12 33
2 5
6 46
25 30
34 45
13 47
16 34
37 39
20 23
13 15
4 28
6 29
38 42
40 44
3 28
4 24
5 17
22 28
17 47
3 29
23 38
28 49
38 47
3 40
22 41
19 24
10 48
43 49
24 29
26 30
19 45
13 14
29 46
19 37
28 43
10 36
15 48
45 48
27 41
19 25
20 34
24 38
7 36
1 11
21 26
20 26
35 40
31 43
10 38
9 14
21 46
12 38
35 48
42 46
36 37
1 25
29 42
7 24
13 19
29 31
13 46
5 10
19 32
14 36
10 46
