9.97832529657
9.86736178576
13.0448681961
11.8892161793
9.02536191614
10.9205497851
11.2265388736
6.02811979669
9.58056542142
15.6694355702
6.86959678562
10.8158096995
6.42889832015
8.78404480632
9.92657644686
10.8739646305
11.9734622763
8.19635944131
5.613269668
9.26417816882
9.49596132547
11.5742702276
11.9505727448
10.8518743727
9.31062879388
9.42312810154
8.45673564659
6.58058411829
11.4513583569
8.18292032064
7.78239722995
4.52016603458
7.9850317326
12.4039894269
9.08148811684
6.37724206747
7.26976328668
13.6480001
10.0121657429
12.1474064666
6.46744707717
11.7633361416
6.93271379411
10.7643340589
8.82308569204
11.8572443299
9.68882512008
11.2949279375
9.58876301644
13.3444964427
12.059932217
7.99993006985
10.8743760727
10.1486980617
12.651576638
12.225941772
15.5000188636
9.08514341155
6.97572599655
7.71084715524
9.2485342447
8.73272113618
7.54180030312
6.31994828011
10.2720608784
5.68102633236
8.38900531906
11.2181330286
15.6092178181
6.65388686377
8.98854122153
11.6424809498
5.16374331722
9.21084951193
8.75179077934
9.540609788
8.54923056147
6.79126040283
6.59354018515
12.9333678598
9.49727691444
12.8282892548
11.0533828747
12.5704880255
11.3989397085
6.99028705398
7.49357961401
8.80229695259
9.7476608143
10.7976057758
7.92163363339
10.3471498715
5.79169574517
9.72308193045
15.105847738
9.63589975947
7.69981834954
13.3796209812
9.60395291576
11.1733789473
9.01677859421
10.2291744968
10.4226966255
7.12514152394
7.98384010027
11.9974404123
11.1079103397
9.51373166753
11.5673374648
11.3132292038
16.0767173483
14.1722224396
8.77814012675
14.8151169408
15.0548674805
12.7457744252
5.54449402722
7.22369441534
8.49021442322
7.71970665799
10.7033569231
12.1903512669
9.72538409452
11.0946861686
10.0340699466
6.37761045437
11.3209914791
5.51928782473
14.2529953655
8.19052651246
10.6439825232
9.97704408201
11.3622434944
9.32204871097
8.33592873799
10.7820381991
13.0914051905
9.95770733842
6.14321577397
15.6018439103
6.88199937339
10.4332042388
12.0703958473
8.07731731273
9.40966712497
16.4981757903
10.0012493691
10.1335094365
12.2095374058
12.7681132141
7.86865809669
7.83324662195
9.64928386995
10.8406186123
10.2315647135
11.7421677432
10.865784495
6.91273465941
14.0388565286
10.6443631741
7.08140957674
7.70075213023
15.4461272856
11.1060901994
12.9027940402
13.5136372692
9.34331320582
13.1057055555
6.69570542804
7.6792524276
14.1881073032
9.87846988913
16.6616441876
15.2019179282
7.70609537048
9.48102386658
10.5331704582
13.3047984867
8.3270770922
15.1070600804
11.5318290289
11.4000316493
10.3647948143
10.3002799272
10.3135869513
12.397119896
9.95184800177
8.21890181916
5.04914839536
16.4331115174
9.73432810178
11.1253071542
10.2418675374
11.2660094305
10.6595445692
14.0066662714
7.74413788741
7.63018502317
6.10068030383
10.4714503845
11.6206366936
7.00749542864
9.22334912757
12.6116824804
16.8888764729
8.96654019802
10.0340949139
12.3819865197
6.40334762027
9.13416402784
8.20265383832
7.39560917318
9.14155555776
9.16044647287
13.4870845874
3.49201711666
11.4866016133
7.62169020669
9.73905453769
5.40685262799
9.94161059428
7.26446197366
11.977610129
10.0053341536
11.7100790366
6.35391817195
7.79945817731
12.859263986
6.63596737606
8.16143162673
12.8668411402
7.86531351141
5.90155544013
8.02503116961
12.1700555123
9.60067785494
7.9396667995
11.0305463759
10.9849869299
8.7918671189
5.22436909647
10.9773004838
9.52544029001
10.5693696632
8.48407450255
11.0113746837
9.5903850103
8.20246105476
7.31379782206
10.4359517173
7.27877712963
12.7773059683
12.544345902
12.7050059598
10.4918325975
10.6281317311
10.9588992645
11.7264662018
12.0531270701
11.647617931
7.09407724215
11.9565792163
11.6477085711
9.01668763658
7.93054729492
12.3190691625
12.9435482692
9.33944847155
9.94312653466
9.21992830818
12.1872272007
9.78065927648
8.77517281719
10.6744733785
12.0764081727
8.3426381621
10.4358000091
7.24302992926
12.9250724258
10.7210989844
9.24601516538
8.01859241351
6.04538824786
5.19456900839
12.8010407802
15.2577797099
7.64453597732
6.94399714273
11.2691829209
9.51889447019
10.4986655439
5.24837919448
8.91319694312
10.4193744405
10.376791158
9.796843997
8.24814609824
13.7336142068
9.11151026167
10.9740229445
10.4692417047
9.99161917136
12.3998566459
8.33986254525
12.3957708324
7.96021621334
12.8064271673
10.9668300245
5.87938731601
8.99209560943
10.585696002
6.30881215456
8.2186468714
7.88252723305
7.17759651609
5.4661925579
8.54564023663
8.20059921496
11.0400741583
10.0132627978
12.7813913136
13.5012114845
14.0669249338
9.37930576471
11.0053364457
9.52820119907
11.2424671028
13.4852986509
7.59576378741
7.63384806564
14.0839404069
9.54520486238
13.5975293475
11.2027344677
11.0008323887
11.5024165591
5.62435537419
9.2466096114
11.2377497584
8.8060444884
10.4942553617
6.43834992621
6.51395545657
3.31218361515
11.7138502545
9.9197450348
11.4754644707
8.59443666153
13.588834002
7.54360794305
11.9549560398
14.2700690524
6.05709350313
9.31915275932
17.6196493621
5.61682629978
4.95482064287
5.27255705773
11.8586500444
12.4836157031
11.1728725959
7.14131695693
10.8671989538
8.15624535841
15.4884129392
9.58616849803
9.45823076609
10.5868193903
13.9071642865
10.6967054422
7.83887447296
9.10274715532
5.89875499733
8.21736685323
10.0764312312
8.48325356384
9.45972181184
10.5263303168
9.88192723701
10.0715549634
10.5008572298
8.40842933409
10.6559968479
11.5604241041
11.1075738457
5.08676824153
7.33489780371
9.44503561846
12.3875391218
10.4363445974
11.0458750757
9.08433429064
10.3276308814
7.17929948732
9.78606407334
12.6134386384
8.9168935632
10.8869300539
7.68722984807
7.04016343954
10.4966828702
6.27897873482
13.0301575739
6.99845544699
9.27882266719
11.2364910845
12.9087004695
6.79568768928
9.40419014693
10.7670463518
6.45742776957
15.8671855122
12.0860051747
9.24414221832
10.0569324123
12.2809238363
7.35693752001
7.94401732492
11.9930311932
8.01614652872
4.88994026689
8.8277560228
11.7552431757
11.6384210451
11.6471608562
12.4273865329
7.84834509011
9.1875893583
9.92353326046
12.7221981318
11.3697131399
5.69133980679
8.05276273726
10.1032307843
6.82380924505
9.95548983553
8.41065818234
4.98905591207
10.2568952875
7.16050360032
10.7342402944
12.4689672053
11.0969508072
11.6234472108
4.97853267033
16.2258366573
13.8957180483
10.4174510648
12.3009526444
14.7772948854
11.3222318037
8.00049310897
11.0701269321
12.0853286961
10.2700975249
8.74108833786
11.2348159442
6.31261009931
12.5921180119
8.75998657626
13.3731025297
9.70548248293
14.3820454374
8.97362272373
11.3580276453
14.7676087506
4.80574267501
6.97802668118
5.20379737816
14.0168102254
14.3663099954
11.8295371969
10.745756929
6.09111971381
8.43373404806
8.48185032726
10.0874609455
13.1468854138
6.05531898495
10.919091439
9.092502483
9.06715627658
11.7244251184
6.97233760126
12.2406815056
13.0856469554
5.15202259601
13.6842954825
5.84495195032
6.74321607186
8.81871370055
8.00793021753
9.82993110096
8.53448869852
8.39193243778
9.40307554435
11.1899687953
11.6679244586
13.6307044965
12.7941871433
9.25902940376
10.2790200064
8.39604206769
11.7289256346
11.28161911
9.8998446709
14.7985247029
9.68535021745
9.53342734322
7.76594494597
6.92748542963
8.63539944344
14.4326047507
10.9995532688
10.6341434409
7.3985369555
5.09821585322
10.4091836758
14.3404866407
8.88312742677
7.6814746876
8.93203340109
6.86160207625
0.640927259337
12.6417460107
4.42714289735
10.5853239018
5.22549970874
8.6482646761
8.04110680569
11.9611606148
4.83937365384
9.29444616614
10.5296299539
11.4533154901
7.41033031677
4.9466846421
11.3031649014
11.2301736279
8.59992715485
9.13532695798
7.23553187476
8.80432018847
5.94090689852
9.08476182256
12.4748161839
6.34363063495
9.66865926922
9.22109614926
7.27678648905
5.30417134342
9.99853423929
11.6241829457
10.2741367983
8.7216161701
12.1155022748
8.43889074756
12.1577719979
11.3395646221
11.8073441837
15.51648193
9.93233949879
8.0738147742
8.94287506012
10.6707733729
11.399773684
9.97810706678
10.2480435362
7.23544496513
9.66325173795
11.3058528449
10.8421890284
7.80066604315
6.22200660324
10.1833113926
12.4971433735
12.8870094803
10.1426416953
12.1064508166
11.1807570848
12.606129114
10.9408520164
9.85427767629
6.11676026921
12.6741474532
7.49071321983
8.24259473385
12.0277036345
9.92986986509
10.4839589521
12.5772534124
10.2507109669
10.393270245
9.10277878455
9.57375573369
11.4917927155
11.519092578
8.39444166168
9.07921701713
11.5099403303
9.88225545283
9.03375825682
4.25741199109
10.2816558319
8.9870926078
11.4955367471
8.47274465923
9.40013311494
9.87957992087
13.9672635316
13.3562287008
9.60729041518
11.9252550061
11.2679138598
12.8450051712
12.2912437944
13.9856106649
7.32947768282
11.7202526638
11.9355217631
7.30001591714
7.28611945337
13.3126753234
9.15983067697
7.96372914187
10.2285142962
9.56997199469
11.0376678694
11.8424632884
13.7579441002
14.2650992171
10.2020522632
6.10006998616
10.7261279582
11.8436219727
10.639658447
9.04152874195
13.6441512406
12.4704984946
12.9392656849
12.6973620437
11.3245363227
9.21013179348
13.3883007782
11.0375827996
12.9574730924
12.0820452574
6.46568037626
10.4660117069
11.6061499658
13.5050894219
12.6392840902
10.5327627562
8.08843883398
10.4241217044
9.5337808861
13.4937212485
6.28055948958
9.19173797769
9.67050982
11.1867583155
9.29147133793
9.58863525455
11.8554312414
8.55551867853
11.0421344166
15.4044062498
15.1464511601
5.1610450239
5.96884786268
12.2936458772
9.7813140065
9.97785942118
11.3372564258
7.25295565498
9.58657804426
3.70181017295
10.2610041585
11.6191080146
10.1514695985
7.67762237971
9.58761266505
5.97994040257
7.96638941494
11.3990322766
12.3143484379
10.050542953
8.16003130058
15.88679221
14.0876833869
11.3245937219
13.0791076071
9.71993611135
14.2754720293
8.05284244447
10.1988904441
7.64170826104
11.1725239458
5.15733587927
7.85223199331
11.3163137209
7.63968619623
7.20936310968
8.31907102101
13.7076349226
12.7019262445
13.4739884726
14.6128929062
12.1886667157
11.0674704429
12.6778419435
15.9821201704
9.65146721163
7.97736467238
7.79582122809
5.61453692613
10.7848455811
13.7381449336
7.83115090348
11.6501813593
7.11174801584
8.08377539877
11.1063165565
10.0800928535
9.14402738737
8.01980588205
15.0247601806
8.7067323012
6.15269088296
8.35289001986
7.25476969051
9.1695461626
5.53123274343
7.39566710509
10.5668292943
7.07475613381
12.0487490319
9.39906904254
13.5120334554
9.81059340685
9.23385716344
8.42348931501
7.7938279973
13.4331399384
11.7067841639
13.5512631028
13.7745370663
8.24197135352
8.98618749301
14.1014061949
11.4762593675
8.59696288752
8.98711537916
8.1220374333
9.75026333968
14.0818980728
13.4029348196
9.12593107902
8.01794942947
12.6921327787
11.6703886444
10.2075174717
11.6332380169
9.88051466947
12.4625263016
8.68250878299
14.1918389454
3.99735367037
8.39495058715
8.11058555178
12.185599618
7.66224830023
11.5636543104
10.8597034267
12.9811997798
8.72479033945
9.19945135731
9.12265923168
9.6502463999
12.3541130781
10.6616267356
12.4951260776
10.5256434784
12.0375870993
8.75162572096
5.18951097474
9.10497427419
11.7742470607
13.4442043476
10.5642245265
8.4012248657
7.75903187359
11.9719243251
9.04125159677
7.33498329669
15.1623334863
10.9883385046
12.2993828033
5.17742686465
7.23741432095
6.36071764931
10.4349990792
10.5732021195
9.07347006413
8.53714548888
8.12608913766
14.0400265019
9.36601321925
10.4466356024
12.5077971188
10.5206283068
14.2568911435
8.01949198251
11.2271050062
13.394532753
9.97893887992
13.5206000286
12.1299829914
7.58544706129
13.9619405839
13.4958896199
9.52504535834
10.9187315297
14.1376234502
13.2111716888
8.38918136726
6.8962606707
8.07798609332
11.1757440413
9.15658587208
14.0059478672
13.5160859953
5.92464174815
11.8650644855
7.9415902272
9.1284048633
12.7827315024
2.93104724608
9.74624013713
7.66828803928
10.3652214552
9.72800880149
10.1150242833
13.6413863762
9.39870793849
9.31553043713
14.869873619
13.3825660526
13.8694822721
9.64574804286
8.85295391354
11.6189744613
8.37822467926
10.3549031251
8.03995526638
13.5912076187
13.8702038654
15.052579655
9.98534864242
9.11414526369
15.0012951828
14.9058527483
13.2793359229
8.20504121134
11.9396316813
12.5925124728
9.56171278892
10.4455553993
13.6690575037
9.95238973727
16.1225716022
6.77921725095
12.5594884419
9.95371510305
10.9520985016
10.3065902746
11.728232575
8.72707436893
5.04405036392
6.49578683511
9.09475660929
12.6119835049
10.9629449398
7.72794486634
8.29959801568
