300 1000
1 2
2 3
1 4
1 5
5 6
2 7
4 8
1 9
6 10
7 11
5 12
12 13
3 14
10 15
11 16
7 17
1 18
4 19
6 20
20 21
1 22
11 23
12 24
23 25
8 26
13 27
17 28
20 29
13 30
12 31
17 32
5 33
29 34
14 35
1 36
11 37
28 38
27 39
7 40
4 41
10 42
12 43
18 44
27 45
37 46
44 47
24 48
36 49
39 50
34 51
1 52
19 53
45 54
50 55
6 56
36 57
49 58
58 59
29 60
9 61
23 62
17 63
53 64
8 65
42 66
3 67
37 68
16 69
17 70
32 71
1 72
71 73
13 74
35 75
46 76
37 77
21 78
67 79
14 80
10 81
40 82
79 83
36 84
45 85
10 86
82 87
57 88
53 89
80 90
88 91
85 92
84 93
69 94
6 95
94 96
43 97
50 98
64 99
94 100
62 101
30 102
71 103
83 104
18 105
95 106
13 107
4 108
86 109
108 110
22 111
4 112
6 113
20 114
26 115
70 116
82 117
62 118
77 119
74 120
68 121
99 122
38 123
32 124
118 125
84 126
117 127
33 128
64 129
42 130
118 131
122 132
50 133
49 134
122 135
36 136
37 137
85 138
97 139
19 140
14 141
34 142
86 143
138 144
108 145
126 146
5 147
12 148
21 149
34 150
72 151
16 152
62 153
50 154
152 155
127 156
15 157
7 158
12 159
112 160
65 161
143 162
48 163
23 164
99 165
128 166
150 167
152 168
104 169
85 170
129 171
148 172
128 173
100 174
11 175
107 176
133 177
4 178
131 179
83 180
113 181
125 182
41 183
87 184
113 185
142 186
15 187
81 188
151 189
55 190
120 191
2 192
7 193
24 194
36 195
108 196
35 197
19 198
168 199
10 200
122 201
162 202
166 203
162 204
146 205
63 206
134 207
41 208
166 209
78 210
145 211
84 212
125 213
77 214
97 215
42 216
9 217
124 218
59 219
132 220
72 221
3 222
113 223
119 224
207 225
206 226
224 227
125 228
128 229
87 230
147 231
192 232
101 233
37 234
179 235
46 236
5 237
177 238
208 239
118 240
185 241
49 242
129 243
157 244
9 245
93 246
237 247
108 248
227 249
2 250
124 251
220 252
71 253
191 254
172 255
46 256
63 257
228 258
135 259
243 260
187 261
77 262
118 263
10 264
123 265
58 266
115 267
104 268
49 269
48 270
67 271
261 272
119 273
212 274
156 275
23 276
128 277
53 278
161 279
31 280
3 281
181 282
77 283
56 284
259 285
225 286
2 287
39 288
58 289
192 290
23 291
180 292
34 293
105 294
6 295
196 296
289 297
9 298
140 299
158 300
35 225
153 257
224 283
65 136
130 287
222 282
15 96
30 254
168 181
86 114
239 270
46 155
106 155
107 208
157 213
57 95
60 112
107 299
20 66
64 167
209 276
2 298
196 217
64 245
145 220
65 238
182 283
16 180
105 287
167 218
71 132
50 213
34 233
68 239
155 236
163 214
13 232
70 235
159 180
28 298
19 100
41 223
48 65
24 249
22 118
38 184
138 190
175 209
144 282
241 253
1 182
165 169
83 289
22 176
76 241
161 274
146 245
111 254
80 223
86 115
80 240
151 270
234 253
7 120
85 95
35 96
161 283
12 30
115 225
220 296
39 104
232 277
147 188
6 242
206 252
161 259
98 155
34 145
175 178
28 237
145 252
25 52
272 285
61 269
11 194
40 151
5 163
167 277
223 230
23 293
111 270
45 246
17 47
61 232
17 111
169 299
157 296
28 191
72 256
9 249
110 187
5 58
97 181
45 93
57 283
138 166
4 115
77 188
36 159
27 52
2 255
59 282
68 168
97 267
42 118
33 261
66 116
6 259
268 275
112 207
127 208
1 126
155 192
47 194
152 267
91 258
41 180
112 299
23 139
152 181
203 282
209 292
247 284
147 226
4 63
5 155
152 173
14 72
175 182
70 257
5 36
76 201
193 236
4 220
148 196
92 283
94 125
33 225
120 241
95 187
82 276
73 220
34 104
201 261
58 118
244 276
85 171
142 261
100 288
98 230
84 120
49 61
211 268
53 63
143 221
45 270
4 173
136 173
107 274
108 237
131 143
5 289
38 216
176 269
42 80
28 179
80 267
48 204
139 221
5 294
182 286
147 220
96 297
135 222
137 164
63 291
141 210
156 219
27 243
28 227
153 241
64 268
14 281
190 241
182 219
43 255
33 223
19 107
155 242
226 261
144 209
50 220
101 132
239 262
97 163
161 299
126 259
146 219
213 257
135 164
151 191
19 254
182 296
18 45
192 243
7 67
167 182
47 158
130 154
136 159
142 273
137 266
2 58
223 288
127 195
66 128
242 267
44 160
93 230
127 243
30 112
46 255
115 270
16 27
121 270
73 113
59 220
242 244
39 216
79 128
86 163
167 184
222 223
66 284
8 101
21 232
169 273
11 67
132 189
177 287
24 218
205 246
6 12
12 146
146 268
54 102
127 145
41 226
123 249
129 262
63 226
167 270
68 149
162 218
141 257
17 204
109 175
63 177
17 143
96 157
126 145
205 213
175 187
67 257
121 136
60 185
59 217
104 251
6 224
2 269
12 134
79 85
104 256
156 247
8 36
27 206
85 283
53 256
234 294
38 290
113 173
137 176
51 155
14 175
79 157
9 18
65 102
9 267
111 213
72 243
155 273
51 52
131 238
264 274
80 275
75 117
259 299
160 169
31 157
21 281
83 295
91 246
32 104
100 152
170 274
80 159
36 90
188 207
129 279
55 266
70 72
88 117
19 83
65 140
140 210
138 221
227 242
234 278
80 206
21 108
132 294
74 279
212 230
91 265
38 48
53 200
40 287
129 155
42 284
40 66
14 134
166 236
80 193
64 186
85 96
103 243
11 90
86 293
108 152
52 233
135 274
248 300
87 157
40 53
2 78
218 219
68 91
153 182
38 98
63 90
34 220
93 178
76 220
202 269
9 175
135 190
170 211
186 255
3 298
60 142
82 261
81 199
191 193
67 182
26 243
74 235
98 136
45 71
26 162
89 130
97 239
23 173
116 191
10 112
221 258
8 119
104 155
16 90
87 232
12 163
131 231
259 264
36 225
97 229
17 163
143 214
208 245
26 73
84 155
110 139
106 195
153 166
190 294
1 286
38 186
76 195
48 209
151 207
87 192
284 288
104 179
45 198
151 239
176 278
32 130
171 273
122 240
37 195
29 133
131 156
213 227
74 219
38 134
132 188
16 268
32 94
22 196
7 154
55 165
122 149
98 234
3 292
97 186
207 250
109 217
61 199
192 203
166 229
79 153
146 156
201 281
14 299
255 265
142 236
17 200
198 223
167 254
89 108
5 97
117 151
72 173
91 169
99 295
159 217
68 276
104 193
76 106
105 262
101 246
202 260
138 146
1 190
46 97
106 298
17 114
200 283
181 213
232 269
63 125
80 173
62 83
109 182
222 291
53 122
38 77
125 206
24 278
62 178
79 125
123 176
65 297
201 241
121 219
121 159
121 230
117 293
69 120
67 241
161 291
114 249
4 188
287 290
176 258
6 80
117 296
147 260
21 252
23 63
82 84
129 288
5 60
137 222
56 296
187 251
145 261
120 156
53 173
111 233
1 153
13 173
163 249
58 233
228 242
100 110
173 242
29 167
118 258
159 199
240 242
14 200
94 277
53 276
263 264
14 90
20 67
59 187
84 167
188 215
233 278
3 167
77 216
48 144
81 134
41 236
182 288
19 186
116 151
154 295
123 132
41 239
146 152
102 247
61 88
165 183
149 181
26 161
80 130
45 274
100 266
7 220
199 221
66 173
97 223
79 265
1 128
146 155
169 270
72 215
65 167
82 292
73 154
65 94
99 149
14 234
83 223
44 198
161 235
182 188
81 255
108 216
23 204
86 187
100 230
37 282
49 169
50 142
152 197
37 150
186 260
6 205
263 267
42 193
218 264
27 273
121 205
101 208
99 188
61 176
24 243
182 259
139 244
46 68
171 204
170 184
128 134
149 289
10 78
192 245
131 232
136 147
270 288
68 274
155 238
61 100
73 232
215 229
62 211
31 252
74 183
19 226
68 80
41 271
209 236
121 228
176 255
212 255
59 259
93 102
91 171
21 66
1 260
100 234
22 184
139 198
194 300
190 242
65 281
111 244
1 248
147 193
153 184
70 290
93 193
47 182
163 165
76 230
198 216
110 190
122 254
21 293
30 60
118 196
67 210
157 217
24 84
147 237
116 141
31 214
263 286
44 221
3 146
238 286
116 244
23 101
88 92
201 282
132 226
132 230
8 120
100 154
153 253
236 255
108 163
49 121
137 223
121 140
104 220
247 272
205 210
61 219
51 297
228 284
28 218
111 122
60 181
16 120
116 157
205 259
220 292
39 90
36 230
4 136
190 227
175 201
28 174
105 233
126 150
111 168
286 295
64 164
170 180
204 263
180 274
11 31
87 292
12 265
148 209
135 217
78 185
11 220
278 287
