500 1000
1 2
1 3
3 4
2 5
1 6
5 7
1 8
2 9
1 10
3 11
5 12
6 13
10 14
11 15
7 16
2 17
12 18
7 19
4 20
14 21
6 22
10 23
23 24
13 25
9 26
26 27
4 28
1 29
1 30
7 31
13 32
5 33
23 34
8 35
1 36
25 37
37 38
24 39
20 40
33 41
37 42
23 43
40 44
17 45
4 46
22 47
34 48
3 49
41 50
10 51
17 52
10 53
11 54
22 55
53 56
5 57
35 58
29 59
21 60
29 61
47 62
47 63
26 64
20 65
32 66
56 67
38 68
39 69
38 70
20 71
56 72
48 73
3 74
66 75
10 76
60 77
9 78
76 79
31 80
59 81
31 82
66 83
38 84
30 85
22 86
11 87
70 88
63 89
79 90
50 91
38 92
89 93
68 94
12 95
75 96
39 97
43 98
94 99
72 100
61 101
18 102
74 103
20 104
87 105
95 106
30 107
52 108
27 109
53 110
97 111
81 112
5 113
7 114
79 115
80 116
83 117
110 118
105 119
9 120
116 121
55 122
62 123
31 124
48 125
103 126
87 127
9 128
57 129
2 130
121 131
23 132
100 133
7 134
30 135
37 136
110 137
114 138
10 139
72 140
134 141
50 142
75 143
34 144
23 145
66 146
138 147
42 148
117 149
109 150
150 151
63 152
130 153
88 154
105 155
51 156
35 157
79 158
149 159
52 160
106 161
143 162
63 163
30 164
49 165
161 166
97 167
84 168
136 169
160 170
91 171
134 172
72 173
147 174
115 175
105 176
33 177
74 178
107 179
4 180
104 181
114 182
104 183
78 184
146 185
113 186
33 187
48 188
34 189
108 190
97 191
105 192
163 193
191 194
37 195
91 196
23 197
9 198
136 199
7 200
61 201
171 202
124 203
76 204
50 205
185 206
160 207
117 208
192 209
87 210
31 211
52 212
112 213
151 214
204 215
90 216
38 217
13 218
165 219
68 220
147 221
66 222
18 223
19 224
53 225
152 226
203 227
189 228
177 229
41 230
82 231
167 232
143 233
22 234
20 235
103 236
73 237
225 238
180 239
24 240
169 241
140 242
25 243
61 244
30 245
241 246
94 247
4 248
62 249
230 250
64 251
194 252
122 253
109 254
178 255
136 256
192 257
66 258
225 259
47 260
159 261
235 262
169 263
192 264
174 265
60 266
120 267
131 268
215 269
56 270
175 271
165 272
256 273
70 274
224 275
112 276
174 277
208 278
8 279
242 280
7 281
54 282
279 283
218 284
156 285
96 286
127 287
79 288
252 289
196 290
65 291
274 292
264 293
237 294
3 295
226 296
57 297
110 298
77 299
152 300
136 301
70 302
2 303
91 304
131 305
175 306
101 307
275 308
65 309
169 310
149 311
195 312
90 313
155 314
148 315
81 316
57 317
116 318
220 319
115 320
276 321
7 322
238 323
40 324
122 325
73 326
301 327
327 328
266 329
226 330
163 331
314 332
127 333
141 334
252 335
114 336
54 337
336 338
95 339
125 340
116 341
282 342
165 343
340 344
180 345
226 346
115 347
312 348
123 349
348 350
42 351
296 352
58 353
16 354
160 355
135 356
185 357
17 358
182 359
134 360
99 361
266 362
251 363
236 364
224 365
165 366
33 367
247 368
49 369
327 370
71 371
276 372
131 373
207 374
274 375
56 376
151 377
87 378
165 379
323 380
306 381
207 382
72 383
229 384
102 385
133 386
209 387
52 388
86 389
362 390
316 391
242 392
353 393
338 394
161 395
96 396
387 397
13 398
374 399
139 400
41 401
298 402
344 403
60 404
134 405
47 406
233 407
338 408
54 409
300 410
15 411
46 412
345 413
172 414
267 415
58 416
248 417
210 418
99 419
262 420
107 421
67 422
401 423
279 424
358 425
71 426
261 427
315 428
114 429
122 430
51 431
214 432
76 433
382 434
108 435
414 436
91 437
402 438
239 439
109 440
427 441
176 442
109 443
73 444
410 445
103 446
286 447
161 448
189 449
32 450
109 451
15 452
145 453
290 454
50 455
203 456
190 457
19 458
5 459
121 460
339 461
375 462
371 463
385 464
243 465
377 466
413 467
272 468
214 469
42 470
468 471
144 472
175 473
15 474
95 475
125 476
405 477
225 478
237 479
136 480
444 481
383 482
246 483
164 484
309 485
174 486
260 487
434 488
204 489
318 490
158 491
32 492
84 493
473 494
161 495
321 496
318 497
5 498
277 499
384 500
173 407
58 143
199 286
189 472
316 446
174 225
82 198
205 457
46 247
215 358
316 384
49 240
85 362
181 203
21 302
356 385
115 131
22 205
29 469
19 22
286 488
99 409
388 410
9 320
186 421
188 237
178 242
373 487
417 423
31 163
21 286
162 348
114 251
198 244
119 404
93 163
202 228
473 500
434 496
102 262
15 442
58 142
197 247
132 208
95 440
60 238
5 315
230 266
280 424
29 186
71 358
408 499
322 338
84 286
133 238
164 464
204 236
193 336
111 294
213 419
195 467
290 370
2 42
9 486
185 375
141 357
151 207
352 382
145 146
44 131
98 454
33 405
319 384
405 476
96 363
22 215
5 313
79 260
95 438
63 127
124 187
42 350
86 161
192 461
133 290
36 487
292 389
6 83
187 193
279 386
242 478
16 493
126 241
82 466
134 276
219 420
178 456
64 435
26 227
188 490
85 371
12 372
224 357
165 305
216 434
80 461
42 365
127 184
332 459
46 387
90 144
417 460
265 406
229 316
13 111
172 495
116 159
279 289
2 162
62 297
167 455
2 188
136 327
360 404
94 325
296 349
38 475
340 455
55 359
168 318
302 450
247 381
345 486
70 402
197 485
194 388
8 429
350 481
151 462
177 421
293 423
326 410
320 451
122 135
20 112
341 374
220 382
11 435
3 19
197 264
323 457
3 66
356 390
275 306
98 432
310 349
172 178
118 387
56 251
69 398
272 348
189 293
190 194
46 451
257 302
9 87
119 305
164 206
156 193
263 464
47 492
112 341
139 286
59 354
3 246
79 122
144 320
88 244
150 166
266 280
363 448
134 254
7 27
286 460
130 352
111 114
104 149
194 437
15 59
52 112
9 47
10 263
90 487
175 349
173 304
86 368
5 143
156 163
329 396
316 351
67 324
31 185
244 349
215 286
79 410
123 235
40 464
348 402
324 341
189 219
238 383
212 236
212 483
350 477
182 424
185 252
70 112
17 375
122 328
150 258
94 199
180 372
36 286
251 276
135 303
282 433
119 264
360 408
3 303
317 341
136 375
214 282
97 128
146 491
118 421
183 454
32 386
51 403
203 274
211 330
351 374
402 426
169 425
224 285
135 427
244 369
45 120
315 437
177 492
81 364
401 455
179 354
108 438
92 404
176 208
24 86
1 159
365 436
165 209
34 350
72 434
119 429
29 31
245 342
47 427
273 426
331 429
202 472
124 473
339 372
80 373
457 472
289 463
403 409
279 416
414 444
1 321
221 454
128 227
210 469
167 264
192 380
3 28
34 230
77 318
206 290
66 234
458 495
87 489
90 129
33 51
54 349
83 202
14 101
296 441
106 275
332 428
213 266
27 240
302 325
283 433
195 270
18 333
368 472
21 224
91 415
133 325
15 295
37 218
69 458
22 482
30 77
37 177
71 106
304 344
70 362
25 89
30 379
129 215
14 270
314 360
418 459
95 258
148 479
77 108
491 498
251 321
344 461
335 461
378 430
272 314
23 202
122 146
91 205
175 455
42 467
179 485
407 431
470 483
212 335
8 54
95 282
255 497
224 379
432 460
109 278
242 373
229 372
276 429
242 453
146 301
96 346
309 423
339 475
242 406
41 169
412 438
127 217
32 304
257 461
43 495
362 419
110 166
76 199
81 465
13 395
345 434
206 361
119 261
147 257
189 470
139 469
117 294
406 418
41 120
114 193
50 140
133 159
239 470
221 488
319 492
176 403
264 473
45 460
356 368
176 322
1 137
51 271
166 355
87 499
201 437
325 410
71 404
62 458
162 373
192 396
2 254
354 492
165 496
247 371
98 420
255 415
389 475
201 441
32 90
141 346
71 352
59 107
40 339
161 412
442 470
53 437
229 330
230 444
241 324
2 322
122 410
32 495
245 337
5 65
45 395
361 500
421 499
316 337
190 299
157 288
249 419
223 358
12 63
65 261
169 470
148 233
276 433
182 411
80 238
300 464
56 230
192 498
69 207
191 454
327 458
66 451
181 294
305 335
2 149
222 490
13 62
16 258
116 170
416 444
174 261
64 489
244 346
64 205
111 120
145 487
152 216
27 183
150 448
450 484
207 239
122 445
174 489
247 482
124 416
47 402
375 399
168 344
162 304
379 464
119 346
125 323
96 390
204 253
228 343
74 497
6 325
407 493
67 477
142 289
225 475
47 283
78 146
304 370
38 137
335 369
26 154
390 428
343 402
56 156
46 438
149 427
454 495
45 436
25 391
220 434
132 431
48 361
140 203
353 359
101 427
