1000 1000
1 2
1 3
1 4
4 5
5 6
2 7
3 8
6 9
2 10
7 11
8 12
8 13
4 14
7 15
3 16
15 17
5 18
1 19
2 20
6 21
6 22
14 23
16 24
11 25
6 26
23 27
1 28
27 29
13 30
24 31
19 32
21 33
4 34
6 35
17 36
31 37
35 38
20 39
32 40
4 41
33 42
42 43
23 44
18 45
12 46
36 47
42 48
13 49
24 50
30 51
35 52
3 53
1 54
11 55
23 56
8 57
4 58
43 59
31 60
26 61
43 62
57 63
31 64
38 65
18 66
28 67
54 68
16 69
56 70
25 71
36 72
15 73
64 74
3 75
1 76
71 77
25 78
17 79
45 80
75 81
55 82
3 83
70 84
16 85
78 86
80 87
39 88
21 89
8 90
80 91
87 92
54 93
84 94
31 95
88 96
54 97
34 98
64 99
70 100
81 101
65 102
11 103
26 104
60 105
32 106
87 107
28 108
55 109
91 110
64 111
4 112
15 113
1 114
14 115
38 116
89 117
8 118
104 119
50 120
31 121
119 122
88 123
67 124
89 125
7 126
102 127
92 128
11 129
116 130
5 131
125 132
34 133
96 134
122 135
121 136
37 137
85 138
80 139
136 140
125 141
88 142
127 143
143 144
78 145
102 146
24 147
109 148
25 149
113 150
86 151
55 152
93 153
84 154
153 155
18 156
148 157
41 158
105 159
1 160
2 161
154 162
92 163
155 164
30 165
44 166
157 167
165 168
156 169
48 170
151 171
47 172
143 173
86 174
150 175
159 176
105 177
160 178
173 179
152 180
134 181
154 182
25 183
154 184
32 185
7 186
72 187
62 188
51 189
158 190
147 191
82 192
106 193
164 194
186 195
62 196
72 197
87 198
102 199
47 200
84 201
69 202
198 203
52 204
137 205
95 206
175 207
71 208
70 209
177 210
62 211
59 212
74 213
106 214
197 215
56 216
169 217
146 218
64 219
168 220
127 221
91 222
215 223
211 224
53 225
162 226
209 227
76 228
64 229
99 230
224 231
144 232
23 233
232 234
3 235
168 236
56 237
112 238
110 239
84 240
11 241
27 242
223 243
105 244
12 245
152 246
138 247
34 248
43 249
229 250
77 251
233 252
1 253
85 254
60 255
160 256
21 257
1 258
131 259
199 260
187 261
138 262
38 263
122 264
88 265
2 266
262 267
224 268
234 269
138 270
85 271
60 272
190 273
175 274
233 275
63 276
212 277
208 278
5 279
10 280
196 281
207 282
7 283
34 284
56 285
126 286
22 287
202 288
288 289
58 290
96 291
65 292
50 293
110 294
97 295
269 296
225 297
161 298
61 299
224 300
242 301
270 302
166 303
268 304
143 305
237 306
162 307
298 308
111 309
296 310
35 311
277 312
72 313
179 314
183 315
231 316
149 317
310 318
127 319
226 320
134 321
99 322
321 323
58 324
14 325
249 326
177 327
221 328
3 329
27 330
286 331
227 332
285 333
320 334
220 335
315 336
58 337
307 338
244 339
220 340
41 341
48 342
227 343
307 344
90 345
316 346
123 347
227 348
272 349
28 350
169 351
122 352
234 353
234 354
142 355
3 356
351 357
178 358
213 359
111 360
23 361
106 362
341 363
194 364
176 365
207 366
194 367
280 368
111 369
344 370
254 371
320 372
341 373
220 374
20 375
3 376
80 377
110 378
251 379
294 380
235 381
259 382
71 383
118 384
301 385
304 386
24 387
203 388
275 389
309 390
182 391
28 392
64 393
71 394
344 395
70 396
316 397
75 398
262 399
326 400
390 401
181 402
393 403
164 404
252 405
324 406
41 407
349 408
241 409
79 410
125 411
79 412
226 413
176 414
169 415
406 416
45 417
263 418
407 419
376 420
115 421
110 422
301 423
49 424
378 425
8 426
220 427
266 428
35 429
54 430
92 431
31 432
389 433
309 434
212 435
392 436
250 437
231 438
104 439
407 440
94 441
414 442
209 443
298 444
67 445
5 446
416 447
423 448
223 449
437 450
416 451
433 452
378 453
25 454
199 455
341 456
331 457
237 458
407 459
374 460
253 461
191 462
314 463
243 464
184 465
254 466
246 467
177 468
192 469
329 470
129 471
144 472
189 473
138 474
448 475
88 476
362 477
39 478
300 479
95 480
179 481
122 482
434 483
227 484
91 485
323 486
395 487
219 488
487 489
401 490
430 491
436 492
113 493
312 494
216 495
209 496
35 497
488 498
129 499
202 500
181 501
486 502
27 503
247 504
3 505
426 506
252 507
333 508
221 509
396 510
320 511
146 512
125 513
6 514
251 515
362 516
153 517
507 518
343 519
388 520
215 521
428 522
164 523
474 524
49 525
482 526
331 527
59 528
360 529
179 530
385 531
18 532
278 533
280 534
169 535
285 536
406 537
523 538
152 539
43 540
459 541
476 542
486 543
211 544
430 545
447 546
417 547
404 548
81 549
221 550
115 551
319 552
168 553
205 554
416 555
143 556
357 557
385 558
285 559
258 560
319 561
547 562
474 563
311 564
469 565
540 566
505 567
428 568
302 569
542 570
141 571
143 572
16 573
292 574
87 575
207 576
450 577
15 578
395 579
409 580
418 581
230 582
120 583
271 584
262 585
548 586
76 587
169 588
571 589
536 590
200 591
486 592
225 593
401 594
411 595
594 596
148 597
297 598
303 599
105 600
16 601
78 602
177 603
119 604
184 605
585 606
445 607
511 608
21 609
401 610
525 611
200 612
50 613
240 614
312 615
477 616
63 617
421 618
185 619
340 620
167 621
491 622
555 623
457 624
498 625
425 626
456 627
342 628
432 629
615 630
618 631
548 632
197 633
434 634
42 635
118 636
515 637
419 638
153 639
562 640
143 641
38 642
86 643
281 644
373 645
415 646
640 647
342 648
454 649
57 650
257 651
597 652
648 653
15 654
275 655
391 656
123 657
522 658
636 659
304 660
267 661
86 662
375 663
157 664
161 665
310 666
460 667
74 668
45 669
46 670
494 671
536 672
40 673
524 674
334 675
642 676
5 677
589 678
274 679
85 680
421 681
672 682
393 683
392 684
387 685
256 686
425 687
85 688
181 689
592 690
653 691
288 692
520 693
75 694
561 695
395 696
664 697
491 698
624 699
603 700
20 701
315 702
155 703
664 704
535 705
25 706
295 707
664 708
171 709
324 710
585 711
62 712
341 713
39 714
353 715
382 716
656 717
285 718
238 719
296 720
491 721
206 722
261 723
641 724
662 725
110 726
392 727
377 728
514 729
636 730
230 731
659 732
84 733
417 734
121 735
356 736
42 737
306 738
437 739
736 740
209 741
38 742
200 743
135 744
625 745
154 746
502 747
548 748
235 749
648 750
58 751
80 752
630 753
10 754
265 755
22 756
51 757
144 758
116 759
702 760
497 761
743 762
342 763
217 764
216 765
94 766
473 767
514 768
118 769
314 770
706 771
461 772
316 773
645 774
226 775
701 776
667 777
658 778
322 779
244 780
150 781
509 782
9 783
285 784
469 785
310 786
528 787
103 788
129 789
756 790
769 791
137 792
279 793
211 794
615 795
76 796
635 797
149 798
160 799
37 800
736 801
669 802
387 803
585 804
672 805
10 806
215 807
373 808
801 809
653 810
7 811
325 812
786 813
107 814
74 815
476 816
326 817
166 818
446 819
119 820
673 821
73 822
420 823
397 824
544 825
87 826
674 827
816 828
206 829
582 830
475 831
5 832
94 833
52 834
525 835
413 836
383 837
463 838
487 839
177 840
295 841
523 842
673 843
536 844
548 845
431 846
809 847
56 848
330 849
840 850
390 851
680 852
293 853
127 854
574 855
393 856
182 857
561 858
429 859
393 860
54 861
254 862
186 863
487 864
530 865
389 866
286 867
528 868
269 869
805 870
759 871
13 872
587 873
505 874
296 875
290 876
699 877
271 878
113 879
567 880
488 881
253 882
785 883
99 884
607 885
59 886
172 887
44 888
66 889
551 890
649 891
859 892
608 893
154 894
296 895
878 896
524 897
895 898
187 899
620 900
192 901
716 902
236 903
869 904
431 905
514 906
552 907
761 908
513 909
303 910
819 911
662 912
43 913
725 914
195 915
816 916
476 917
710 918
730 919
683 920
544 921
720 922
92 923
326 924
173 925
682 926
381 927
724 928
331 929
531 930
221 931
540 932
804 933
653 934
131 935
813 936
45 937
252 938
352 939
844 940
342 941
94 942
172 943
620 944
561 945
344 946
579 947
335 948
767 949
124 950
843 951
141 952
543 953
761 954
451 955
604 956
454 957
280 958
433 959
148 960
728 961
756 962
171 963
897 964
463 965
732 966
144 967
424 968
331 969
411 970
464 971
713 972
467 973
177 974
803 975
526 976
434 977
871 978
323 979
843 980
339 981
93 982
795 983
788 984
204 985
651 986
401 987
99 988
273 989
224 990
612 991
28 992
929 993
950 994
794 995
654 996
968 997
667 998
654 999
377 1000
632 811
