50 500
1 2
1 3
2 4
3 5
3 6
1 7
3 8
4 9
6 10
10 11
2 12
6 13
9 14
10 15
4 16
15 17
7 18
2 19
18 20
4 21
18 22
20 23
12 24
6 25
9 26
18 27
10 28
13 29
3 30
14 31
19 32
7 33
23 34
17 35
2 36
21 37
20 38
35 39
39 40
2 41
24 42
3 43
41 44
4 45
21 46
43 47
18 48
20 49
33 50
42 49
14 16
7 8
14 34
25 34
23 42
12 25
14 30
39 49
15 38
2 48
9 49
10 37
30 36
25 46
14 28
22 43
11 26
20 42
40 45
17 19
6 11
8 25
16 28
38 46
11 21
31 50
15 22
19 26
18 24
12 45
9 18
39 43
2 22
6 17
4 34
1 36
35 47
9 16
32 33
1 31
2 38
3 36
25 37
29 31
23 45
12 47
30 45
17 25
26 49
36 47
12 41
16 30
19 42
19 49
34 38
13 18
7 15
22 31
9 35
10 34
16 39
15 42
3 50
28 44
18 34
24 43
26 29
39 41
9 10
2 6
11 50
20 35
6 48
21 30
6 8
19 27
17 29
8 10
8 34
1 11
7 19
18 44
17 36
26 34
25 44
8 9
9 17
18 40
17 26
14 50
27 47
5 27
17 20
27 31
23 31
1 37
16 41
16 25
19 40
15 21
10 43
12 46
24 40
16 17
27 34
3 7
3 41
17 44
27 44
38 49
12 32
3 14
8 27
21 41
16 37
12 22
40 46
16 43
2 5
8 11
24 45
23 41
26 48
15 50
7 43
16 20
4 17
37 41
24 34
9 29
9 27
38 45
32 45
36 46
13 45
5 42
16 21
13 46
12 28
19 37
27 40
15 31
12 18
25 45
8 21
3 12
8 32
14 24
1 43
37 44
8 39
10 12
34 37
14 19
8 16
12 21
2 20
11 30
10 24
33 49
11 22
20 33
1 20
23 26
1 40
26 35
40 48
3 24
18 43
17 21
21 47
2 31
30 48
17 43
30 47
18 50
5 43
48 49
25 41
14 22
27 32
8 38
24 31
3 21
18 46
12 36
7 28
2 10
6 43
42 44
15 32
1 50
6 16
11 19
6 36
36 50
5 10
26 50
17 27
40 47
13 41
20 46
14 25
24 46
4 5
10 35
42 45
8 23
28 50
26 38
7 23
26 27
30 41
13 14
22 44
6 50
16 38
3 37
2 9
31 41
13 25
3 33
5 39
28 48
2 26
11 35
5 12
2 11
10 18
4 49
9 50
8 14
37 46
44 48
7 39
17 49
18 49
6 33
11 43
27 48
6 35
12 19
12 16
22 36
30 40
7 47
12 13
27 46
16 32
24 41
14 27
22 37
21 35
36 39
13 40
4 50
25 50
14 48
40 50
29 37
4 33
24 49
26 31
3 31
2 14
14 39
11 27
2 37
18 41
1 18
7 26
12 44
3 4
3 48
6 39
16 29
2 49
19 31
9 46
22 47
9 45
5 29
9 23
11 49
13 20
8 35
39 42
27 39
17 48
23 25
5 20
30 34
4 8
11 32
19 23
35 36
32 48
1 49
29 47
27 41
22 28
15 18
33 39
26 41
19 29
46 49
9 13
8 44
3 40
20 41
19 48
10 46
16 42
23 29
11 28
16 47
6 29
41 49
4 42
3 27
9 44
2 17
44 50
13 27
24 35
3 9
30 38
2 50
11 40
23 33
37 48
16 44
13 15
7 10
11 17
7 11
29 38
37 47
7 20
11 14
16 50
4 23
10 50
6 44
18 38
22 45
2 23
10 33
38 47
5 23
8 49
26 37
32 40
1 45
9 11
20 43
7 38
12 38
7 14
45 48
24 29
28 37
21 25
23 30
15 39
36 42
15 35
17 46
33 48
4 15
35 45
11 47
5 15
23 27
22 32
14 40
14 43
1 34
6 28
9 33
1 46
17 41
15 34
16 33
11 46
33 38
14 21
27 29
6 23
21 32
33 43
4 43
19 36
3 38
5 13
16 36
7 25
30 33
9 31
5 8
20 21
1 5
28 31
31 39
17 39
30 39
19 46
4 37
22 23
14 35
25 31
18 29
16 35
4 19
12 23
45 50
1 38
3 23
4 27
21 26
7 32
14 49
13 48
19 45
2 40
24 27
10 38
1 35
1 25
1 24
3 19
17 32
11 34
10 42
22 40
27 43
10 49
14 33
7 21
3 44
39 48
2 21
13 34
27 30
26 45
18 32
28 42
32 47
15 28
34 43
