5000
7242 7675 14757
9570 925 3453
11394 12370 12690
5257 1395 2073
7670 6822 2915
9375 33 744
12892 8121 6597
8723 4935 2001
14446 11946 10583
8844 7393 11466
12909 10687 4476
93 6974 5832
4509 3448 6906
14802 8149 5141
11297 458 11093
2304 928 3112
11804 12967 1772
10075 10141 7056
11731 7888 6018
7114 1966 8587
1423 2469 5002
2849 2274 13469
10020 10851 4782
705 8391 1800
6596 1090 14940
6023 9058 4841
7015 4402 468
13927 10835 196
3507 13115 779
5873 6526 6953
6340 4110 7508
6671 8549 3132
10036 10348 1080
8722 7166 4476
14733 2465 13719
11828 3131 3381
5550 12377 6896
10515 3872 9167
6162 5518 13815
5500 991 11127
7087 1678 12667
10168 12642 8924
7336 1702 4517
6509 8221 11482
13789 4326 2693
14118 13879 8325
1176 11357 10209
4041 441 14409
10064 5867 14671
2663 3759 8292
2726 2222 6324
10391 5019 12317
4205 912 14834
8824 3019 5886
4043 7206 8769
320 4214 8013
5801 2348 4650
8447 12686 9550
9076 10713 3692
4762 2483 1294
6090 3059 12544
7272 3869 2312
3908 4629 7638
3100 12676 11110
5449 4710 6586
13862 1562 1141
828 10199 2667
7680 8884 188
9520 5609 14306
9386 295 7600
9847 13692 11795
261 13884 7290
3436 6776 13010
6716 10607 647
4855 201 6893
11596 7915 13043
335 8773 3897
10121 396 10003
6789 14941 12943
919 8872 14752
89 7404 6651
3361 9513 2556
8207 8104 476
1473 5447 10636
5334 10618 8759
11950 5765 8900
5591 12709 4748
8345 6766 11907
3051 2782 7307
8224 9656 11677
12193 12746 14881
13412 4710 14865
986 13259 11645
8801 7790 1176
8295 8319 13763
8490 6290 3825
689 4653 8675
440 10563 3462
5479 2398 5455
485 13320 2093
1436 1916 12341
14158 12942 5158
7348 13105 13839
8903 6717 11953
10291 1710 6999
53 14590 8077
8860 8243 14426
5484 7421 1948
477 8388 3856
10288 9077 11641
12673 547 6943
7697 3503 8603
12076 5419 7596
8893 3664 7541
5078 14804 9867
10108 8584 7328
7068 4717 14512
1370 4205 14167
14381 2760 3026
651 14462 14116
4810 14251 9701
14307 4310 3382
10880 7373 1988
2823 2447 6563
12961 6158 11570
12467 5856 11813
3511 2958 13716
933 7673 9360
7410 1829 6268
12952 5458 4738
5661 12606 14739
10559 2198 13638
1502 7954 4169
11000 2354 4980
13328 9716 1202
14541 13784 2082
14959 13166 9075
5484 7386 4645
10644 5720 12672
6900 8443 13076
1185 11480 11182
10367 4439 3423
198 9717 9280
9272 9331 6172
7484 9366 266
13999 4258 14260
10924 9236 2968
12506 9220 6574
7171 34 14005
1522 9483 10579
2205 14469 13442
5459 10474 4969
11710 10253 7164
12619 3160 14028
5432 10907 10664
2010 1157 12766
4365 6185 11559
10956 7096 4447
4581 14294 9798
11928 10461 9194
6475 643 10793
14896 12437 3980
5305 155 11518
1908 2659 7832
598 411 7852
14015 12317 3845
2063 14323 2939
1049 11942 10025
10222 11032 3679
6092 11086 2312
10794 4227 1762
9887 12014 13329
12285 8023 5778
6410 4734 8880
555 2615 1368
1783 2056 13521
2395 3618 6476
7994 9038 2084
11969 2239 12735
11620 2035 13413
3101 3712 10154
4818 1370 3454
1964 12561 14472
57 1177 13468
13683 7784 13676
4476 11003 13307
14697 7840 11949
12845 4375 5518
9928 5337 472
13818 10864 1455
11644 7912 12408
6784 4417 3392
6088 8703 1377
11063 10247 7567
1377 1900 2982
8425 7172 12650
12956 4258 9769
6328 8182 14973
14133 4973 8684
6876 3019 8537
6337 4636 5865
12890 4989 14786
1749 836 13096
4087 2699 12939
14646 1677 4623
6612 6247 12823
9368 10507 12505
1920 5903 11516
13763 2708 8323
56 10571 3030
3988 13736 6607
14031 10302 2289
333 13100 385
6553 10748 9493
8257 13400 13370
9368 4895 7080
6625 13416 1729
4559 12596 3007
7736 6305 8136
4829 13283 675
13937 3212 3315
7844 11634 2564
4782 2800 5489
5746 4483 2547
8234 2034 4817
8632 1870 12155
1381 3952 11290
6905 12251 6816
11531 8201 14574
301 4119 11009
14301 11111 3449
11928 7052 4516
12397 2638 7978
4294 4501 1721
14039 12208 1835
8661 8277 12070
8659 7525 2579
11407 10564 3407
13898 14381 9546
2887 5360 7372
12251 356 6950
10825 2073 12400
11637 5339 7370
12312 10454 5573
943 6886 10184
12034 3041 9460
9904 9350 9474
1628 2328 637
341 3760 2031
14811 13509 9257
4054 12296 1051
2594 3085 1455
4201 10951 1599
4271 3134 6245
7295 10846 14022
2889 12238 3624
4145 8044 6590
5484 5956 8479
7706 6343 6785
2145 8339 13987
11786 4705 5904
13323 9952 12349
13280 11924 5553
10869 10284 5498
7883 12640 2846
6896 10475 9294
13801 6760 13575
2929 9841 8335
8840 10635 11472
3682 4143 11344
8557 12450 8784
9719 3928 14610
6621 13986 4986
7461 210 1866
13013 14754 11526
13228 4202 809
6776 9097 9874
1854 4306 12367
5578 1106 12289
2287 10132 5768
11877 6527 2681
505 13217 13253
11293 12163 11825
1055 10061 14854
12294 6082 7780
12912 13590 11399
12141 14062 3548
1697 8329 8582
13008 7868 4136
10084 14239 12942
12069 4084 9877
13054 9222 4926
13596 12544 1632
845 1694 7139
2477 6661 2575
13103 10923 6652
5912 6387 5025
4741 11005 13235
7679 9212 11195
3690 3905 10162
2598 2198 14100
4607 12570 8001
2254 1760 5022
13137 1800 7305
6197 3628 3543
1677 6028 8785
13111 13173 7316
13811 3335 7438
9320 8880 9505
1302 14639 13348
11983 10375 9221
4158 11316 7426
12720 9885 12798
2454 3421 5457
5919 14018 1388
13537 12406 6417
11664 11365 2475
407 4749 10306
6095 5404 9534
3859 5138 12050
9046 5499 3397
10820 11738 5796
10063 4200 7828
14008 8116 4011
8682 3112 13082
9953 14297 9131
6136 3944 10542
13089 14807 3689
5856 616 12356
4192 5150 5470
12086 7832 4594
9472 12073 12458
274 10708 11732
480 4765 6026
3396 10727 7278
1280 10449 14852
13109 10702 9525
13863 9256 14752
13179 3987 12008
4353 4423 1304
14501 12484 11418
542 11299 6765
11154 11178 8028
1683 2112 138
8319 5549 4729
5982 285 4471
8865 11411 4517
12900 6879 12219
1926 3746 12820
8962 6039 9161
14049 6295 12784
2893 4698 4848
441 4924 13223
11191 7150 6697
7462 5159 11032
5839 5598 1439
10418 6275 2134
6782 8162 9652
7910 802 2655
2488 1382 6556
7067 9979 1755
2670 11292 10906
4175 11960 5147
12991 13560 10858
1567 2248 12932
1001 4908 7977
6321 9128 5362
5045 231 4640
14451 9994 6617
6163 3881 1057
1827 5634 4444
11690 6300 8951
12265 7579 13118
9870 4150 14513
5253 3705 10657
1912 13373 13571
4204 8294 7151
12795 8891 10556
14903 5219 881
10751 8647 13873
6276 12205 2325
2955 7566 1457
3426 12773 8095
9193 14489 1143
2923 10695 3865
11964 12940 4595
3955 867 7987
2979 5973 3452
590 4113 4775
5381 1573 2348
9154 3267 5439
10973 11992 6191
13620 2116 6161
4903 474 4986
6090 11516 5805
3289 796 9859
1534 8135 45
13031 9140 5584
6430 737 10572
3600 7079 14735
4510 4274 13701
10119 8959 7962
9139 963 4052
5141 1258 1180
9305 7761 3858
2681 7491 137
4126 2026 12528
10906 5140 2529
1685 13958 11921
14001 12510 8112
2331 3707 2247
6118 5876 9606
1163 10993 5118
774 7991 2030
1075 14073 11269
2332 1280 2887
2429 7452 12551
2133 1803 8037
8777 4737 11673
746 9695 4516
11483 8315 7262
4627 12831 388
616 619 7122
8299 4530 2470
3332 10992 7063
786 1634 6244
10492 12129 7693
2806 2862 1839
936 5811 9758
5297 12891 11381
5942 4194 1671
11739 9330 13439
8012 3822 3109
4464 13368 11525
6492 3957 5711
9038 10554 9963
9755 1896 14057
7626 4873 3097
12486 1539 11150
4795 2699 9843
7609 4839 14884
1134 9136 856
13354 816 6831
1440 8374 11954
13420 10982 2097
1321 12206 9080
9007 2023 11881
2282 11359 5460
10573 768 4598
9407 3606 6448
1716 6916 7387
2653 8489 724
12099 3372 10894
12830 7277 10028
6044 8696 11753
9610 7255 9452
6350 14732 12060
10693 9935 3174
1546 9809 11142
3962 3680 2586
873 9628 10232
8727 5075 8136
12982 4204 13004
1613 8109 1053
10116 2944 4711
7837 7039 12720
4951 5564 6858
11400 1076 2640
2522 9983 12028
6437 8129 6665
2648 10102 10151
3487 9963 8179
13167 83 2297
9913 7657 9761
7518 10456 1892
13899 8459 579
350 14067 13794
2849 352 2933
12225 7041 3677
5738 1046 10959
690 14893 7671
7153 6065 14218
10963 9521 5633
14306 3242 10082
2124 4016 3215
14187 6419 13542
10797 6831 14676
5408 7167 9529
2989 10339 7309
7049 10849 8910
980 5531 251
6692 5106 5735
833 3151 5448
7037 3910 12056
8899 14077 13848
12509 4153 2280
483 3228 14905
549 5027 463
980 14263 11723
5726 2708 14683
4945 599 3658
7539 2934 7753
12999 10765 6363
5584 2917 10386
10245 11680 10973
70 7292 11909
7647 10949 13801
86 13189 10305
13479 14392 11086
13568 668 7532
5069 10126 7506
12056 6849 10346
2462 11488 12147
14474 13120 8148
3272 10412 14218
2272 1575 14631
4887 11884 6117
4520 11285 14515
14092 187 5167
3648 809 11098
3208 35 10168
2085 6226 2925
7535 1850 2506
112 11924 2290
4783 12125 7614
11533 11049 12363
3375 9073 7368
2152 5820 533
8051 6761 5629
1693 4933 10391
12064 5965 5341
10645 4061 6852
1339 9343 7574
2870 388 3811
12657 13054 7370
3882 1260 8847
79 1990 3559
586 13782 2573
5822 7802 633
9860 3767 6651
2671 10896 5521
973 1875 6453
13693 10016 14722
4113 7501 12748
5957 6954 12809
4380 8452 5979
5620 8756 2563
13644 11670 12658
5344 583 14878
7761 11407 12255
14143 4904 2990
7726 11356 1166
5948 12785 10496
12051 879 14206
13723 5095 4059
4509 9010 10165
11876 12252 7573
14060 4163 1213
7023 8029 11496
12255 13440 12501
11339 5507 1149
14651 2473 8372
12009 12422 2855
4004 8177 1999
486 8087 12238
5724 10516 9855
13655 2277 3500
10382 11412 9102
9390 14562 9396
12363 9872 14578
2043 9944 9965
14935 2099 1754
7190 10384 9110
1677 12959 7928
1694 13523 9848
4899 14378 12476
11444 13512 5971
844 12157 4235
10050 4471 3846
11371 4760 12434
7287 222 6146
9497 14541 8802
12675 592 4849
239 1705 8683
7047 3577 4510
13523 5562 13996
5364 13517 14721
8805 14504 12814
6019 9280 4373
1147 10886 13418
5618 2890 13573
5837 12599 5643
2128 9218 280
14011 4249 14131
418 4744 9745
5216 1715 2030
12226 1645 1797
4279 9476 9078
2142 7813 3480
693 12059 6346
2122 47 8230
7256 194 10531
2303 263 12217
8382 3354 12457
1696 13810 9081
5646 1792 12244
12393 1175 5147
3802 11556 7227
11767 6533 6897
3053 14932 1327
1724 17 1664
8048 11426 11900
8913 4264 7093
7823 668 7604
4544 10457 3725
11725 11351 3647
1169 4275 13078
10747 14687 12356
4250 3414 3090
1589 14989 2953
67 1661 13893
532 112 2295
2178 1132 6094
14832 9805 299
13883 9164 10696
4937 3794 11600
10411 6185 8822
7248 9206 3441
2651 14418 5058
9264 6284 4683
12741 12468 11888
696 9586 8885
987 14706 12727
1310 6931 804
6070 8318 2220
14109 7697 7788
9378 2331 14069
8741 127 65
5786 2218 14048
14537 2701 10224
13687 2660 12617
13580 6392 6370
7275 816 10664
3800 8315 9762
1534 12293 859
14345 3264 7529
14575 5965 13581
12920 14453 189
13068 14860 100
12475 10763 7687
8904 9481 11818
7703 7982 10142
7920 6247 813
3905 2672 8174
4587 6578 6911
1345 379 12116
14516 8366 14087
1992 14201 5826
4487 6402 9106
13070 1359 1257
240 7864 3860
11831 13492 6898
2307 8580 11656
12170 1849 13873
12337 8460 4040
13192 10234 10061
13657 10180 12318
5772 4951 10158
14480 1049 8615
8964 457 9458
6309 8640 161
392 6780 247
13738 14227 14023
2749 11849 4646
4425 2156 8437
8188 13367 11080
7154 12346 698
408 10293 13786
5686 4734 1921
3666 4400 11362
4613 8681 13396
2505 13369 6774
6427 3136 7070
9727 7719 12428
12191 11817 2847
4904 6197 9236
2682 3192 14534
5757 323 7611
13217 2232 5352
8 2954 2478
13843 3866 3139
4087 2975 11069
10712 10453 4072
8081 7114 8538
9859 7471 13772
14011 3427 13888
9452 14499 11816
8388 9243 4475
12397 1510 2855
10887 815 10120
5057 8340 14634
805 13452 10516
10957 56 9742
14153 14486 4445
9674 13189 643
7650 12274 4160
9810 2311 4367
9700 7157 334
3716 2300 10587
10061 273 5509
7800 1823 7735
7656 5236 4854
13772 6796 619
12852 7477 7056
10597 4086 14267
3210 12937 12306
12715 13751 8717
14909 6615 13436
10792 3524 7007
9474 9593 3704
5015 5721 1907
338 1110 11018
1458 6211 7983
14280 8853 14685
12067 14752 6921
3456 1039 2243
5345 132 2581
591 7051 4581
6130 3884 10996
7697 5366 9709
364 10712 13750
14579 509 14335
7081 9609 14199
11924 14779 3697
3926 12495 3720
1761 13399 13340
14592 14039 11188
9596 7250 7289
12952 5202 8897
11973 7918 2746
493 12586 1050
4167 4574 2775
2571 326 11418
11578 14297 7621
8877 2466 97
3261 2620 75
8058 8319 4374
2324 1152 8564
3475 1239 14543
7077 2744 7744
2472 1428 14379
12721 2524 5522
10013 2903 14484
8642 12455 8478
9066 12607 11309
7518 2918 9121
7854 9686 14709
2590 1270 14912
14288 1478 4231
12651 2052 3345
1722 4456 12527
4293 8174 656
12091 5921 12396
666 8904 173
13667 6733 10984
7024 475 6356
1666 10617 11572
10185 12258 12149
6218 10351 14524
5049 14306 11916
3810 12118 14176
10000 253 10594
14829 5720 2347
1 6074 1811
2667 2836 10397
5675 12460 13050
13619 1506 4816
10507 653 6202
5292 12246 9495
11022 14719 4159
8854 916 2576
14396 2381 10481
8484 3512 8484
11771 1424 9112
8668 13451 3281
5923 6458 14313
56 10778 11051
451 14287 9579
3797 7495 6516
29 12143 1894
5478 1121 9861
3906 5934 7529
11987 14095 2956
5421 2940 1013
12497 1313 5987
4255 10275 4398
14574 6374 3005
523 9594 14877
1712 13025 2164
8151 10568 8171
8554 10839 6189
9780 2998 9861
8416 9346 8220
13817 10747 12450
6305 108 10595
7508 823 2066
10183 4732 12262
10474 13143 9858
7785 14376 222
9925 9881 8754
7151 12188 5477
10761 9121 6696
12265 4992 8113
9644 6667 83
11733 559 12161
3027 8821 192
4334 1388 9090
13834 2214 2927
4901 10968 4284
6847 4187 6451
11611 2070 13212
8051 10121 5157
3316 7691 13433
7737 11521 1270
13717 3289 12857
14165 3142 14600
2451 14627 4909
12041 2818 10600
8015 1408 1822
13205 13354 9693
14776 13353 1869
4567 1601 9835
9293 11646 2333
11859 13463 4632
4413 10068 2083
4528 4231 3170
2417 9569 13481
13480 5364 10849
14094 10337 8116
8713 14851 9769
5167 2282 8149
9688 1293 2507
4805 9257 9040
14072 6136 9103
1922 12931 739
1874 11384 1098
12857 1009 13923
2347 3218 6917
12007 14581 10200
10388 13381 11545
5800 2147 13486
2801 1643 1225
10196 14381 101
1840 10599 5887
7563 14167 3201
10780 13282 8092
4787 9609 10787
1752 6308 5541
2675 9395 135
6124 11058 4480
7059 8703 450
2166 14285 5798
6287 3285 10823
13774 5335 8429
9117 4904 14319
5516 11366 6371
4468 6060 5646
13379 13421 262
8460 9514 9172
524 6397 13762
14565 6873 6587
7856 5774 12149
8731 14261 2127
10300 3481 4760
3074 1647 9084
13692 784 12190
6697 11575 4013
10835 10074 6698
1726 7081 7241
8743 14447 3617
4820 9649 202
8118 108 13916
3595 4409 9779
1250 6956 6226
10909 5496 2059
1667 11929 12187
1094 12662 11578
14504 5999 3651
12961 14264 13918
3419 8313 14815
14794 600 10548
8623 4521 11203
9272 12463 520
3894 4207 2102
4109 6566 12994
14817 4973 10229
13628 4818 5463
7939 14641 191
6428 12387 12905
12657 13125 11769
7285 12495 5644
5176 14657 3951
7445 14566 11722
6208 3528 4877
5775 12316 11611
10053 4786 9457
412 9504 667
11227 11416 3588
12941 233 4370
1410 6956 8559
6445 14289 13792
2347 5297 8370
10555 938 7925
6480 4243 3177
5485 10800 11300
1276 1732 7959
10324 9313 9095
410 111 10408
11553 2584 8917
33 1423 5065
13123 7953 85
12735 12194 314
3976 10251 6624
4668 9512 3368
5555 9125 6134
11760 8709 4816
171 14627 12254
2463 13313 3454
3816 13109 8543
14075 8871 917
10424 7490 14055
13264 12849 4853
11261 6538 2371
9843 12207 14053
4742 665 6233
9973 1671 7661
6331 14523 12951
10471 5835 8636
11728 2797 719
2382 8689 12633
4504 986 10022
3770 730 12991
1776 10389 435
4504 6154 8718
11866 9430 8385
1536 12880 1077
9152 12910 9943
5910 4757 3383
754 12036 15
2684 9259 13464
6825 13577 11281
4236 8634 6550
7771 423 9075
2085 13977 5176
14909 6921 639
5457 1771 9598
1621 7201 5344
4106 2511 332
13782 8600 6955
3395 13629 3112
365 2393 1797
5451 4975 9972
41 10993 8482
2467 8442 6218
580 7935 6097
12191 1565 10629
7128 12590 11506
12634 7442 3746
9235 185 12810
13287 3744 1792
20 11707 3824
5828 12450 2978
10258 7171 5552
13337 6068 12089
13003 12448 9175
8897 13498 10698
122 2140 7611
13102 9099 13987
12110 8986 14037
10900 10277 97
14083 12711 849
9649 5014 6581
8192 9538 1294
12435 11592 3993
2096 12771 13567
4499 5308 4526
3579 3463 13574
1820 6468 9777
11076 5508 8003
6780 5036 10134
1795 3381 8892
520 8469 7150
1203 5288 6740
5328 5804 4461
12416 2433 4454
2127 1602 5474
7245 14546 10477
8616 8098 11265
10014 3189 8807
5245 10890 12983
4994 6193 4688
12031 6320 6890
5057 1796 4364
8993 8563 11970
1345 13961 11757
5090 10590 2242
1976 13562 6717
14947 6150 13010
3667 197 2914
10640 4233 2084
11802 7282 11801
12263 14708 10430
687 5499 4579
13021 6033 2245
10001 14314 14790
13198 5186 9396
12790 9475 5012
5493 8945 9889
13788 3862 3697
11219 12851 180
13997 5028 3565
8676 2340 12782
12759 3632 6987
9706 3195 9393
5703 9635 12759
2263 8224 241
13898 11011 4022
81 13117 11990
6279 8818 1141
2547 9994 5258
7788 11430 10660
1678 13712 4788
13493 10681 11499
7937 1305 1750
13211 8190 433
10648 11605 11117
8746 1827 13265
12043 8362 13904
13049 14126 7827
13519 7959 8570
10905 5057 10885
3984 4484 7635
6002 4898 11570
14380 8692 7763
4304 10787 12881
6178 6667 11505
13680 2028 13259
14820 10743 14103
4274 8870 2578
12905 10653 12222
267 10383 4637
11812 1273 8041
1493 2609 7804
8269 4627 7621
2807 11146 11917
14249 12767 6209
8513 6180 8984
14278 11797 8576
7642 2072 14134
1906 3356 10557
12998 10839 3062
3255 7074 11161
6302 13004 9020
12328 3960 8145
7398 10741 6699
11753 4100 2119
13215 14934 9478
5233 3630 5187
11718 14261 995
11791 11307 12442
569 12593 859
11410 9576 13574
9186 5077 587
10196 12430 9670
12482 293 2560
13851 11581 10853
9842 5823 3460
10067 13719 6101
6910 7338 8057
3909 10053 12722
631 12887 8952
3191 5505 11963
9846 11565 821
3425 10805 5581
676 8396 5072
8831 12299 1916
4231 11762 2169
9089 8633 14774
4903 9819 13293
5468 14910 4780
11654 9177 2395
6194 3130 7809
971 14231 9954
6081 2898 12199
2902 2264 4158
9739 14019 11724
12525 13043 5993
12007 9990 1143
14100 11500 3362
759 6947 358
6603 14336 6478
1261 630 3289
6594 2875 5177
5634 13141 11571
12865 14050 6731
8564 12680 10394
13077 8143 2387
5676 11379 7727
13275 8002 8606
1589 9002 9792
14820 8463 2797
3005 14864 11867
3019 9226 5660
6910 9195 6599
5325 1426 10459
7601 7847 3776
11945 13186 3929
7570 9741 11685
2975 1198 8928
12888 2444 1309
9881 13858 817
13341 12592 14344
11684 13347 3869
5255 2333 11956
1000 9040 8468
416 5517 446
1855 13074 1820
11932 7528 9628
14669 8221 13490
8518 7984 9590
598 8170 115
7245 339 8204
2319 11992 3326
9729 7059 8411
14891 4066 2433
5445 4821 7411
12359 4052 9109
384 6957 7194
6068 4397 12981
2819 6745 205
2569 6848 2897
13238 5650 8849
3900 13309 6129
585 14233 7311
3459 7454 11014
9532 2638 481
11887 12316 14736
6440 2244 28
4915 1058 2205
14849 8595 1616
1420 10831 4761
882 5378 536
5403 2278 9261
7848 269 10405
2357 5346 5876
12122 12021 2049
11224 14031 10474
12457 5926 4444
9132 11810 2550
8995 8218 9985
8637 14390 8127
13418 4923 5581
907 706 465
2749 2014 391
3200 2839 11186
3152 347 11517
11951 14412 6584
2510 13285 213
14881 10481 2073
13123 6291 11175
12204 10675 13660
14060 9016 9859
10219 69 9038
14622 5038 7406
1264 11324 8749
1122 6716 9148
2463 8920 6032
2961 12536 13103
12414 12032 14713
14368 11138 4254
3030 11979 11536
4503 2490 7817
3706 10866 12984
3738 6973 2783
13987 7784 13021
3067 2526 4429
10831 1829 3822
12295 733 8443
166 613 9835
3311 1164 13389
12595 4250 5586
11827 4511 7606
7318 8531 13899
8295 8713 10865
11808 1393 10867
2129 3668 12263
3267 11980 13719
1528 3158 13174
14829 1285 5280
3803 9156 13894
9290 12805 12293
3883 8435 7434
1313 4606 7648
5931 9010 10214
10094 2988 1693
13528 9366 723
3393 14119 2749
4608 4639 10099
12406 8634 8378
4994 6591 555
5353 8114 3857
14917 11963 10364
217 3218 11236
12949 3975 3972
3602 7804 14831
5172 4937 5962
2076 3645 9832
14996 11520 4016
13783 860 12390
220 4670 1289
8425 13208 11519
13064 4848 1576
3596 11032 1419
14689 10489 9055
5860 9428 11834
3487 10172 9211
1615 4445 10126
11796 12927 4052
11164 12456 5927
2366 12485 1799
10087 3178 768
7260 5399 8392
2163 13352 13770
9246 14950 10371
5156 10313 13099
635 6907 11657
6496 8399 11669
10958 12054 9762
14435 2494 4698
587 8635 12041
2584 152 2362
5177 6522 9844
10461 4748 10849
7701 8438 10783
4114 11200 14643
5476 7292 3196
9703 1777 1519
62 11189 3409
6032 2620 3676
9902 7699 3308
539 10149 4509
1303 4204 11880
2815 10347 10567
3006 14989 217
12060 13465 12110
8683 4382 3542
10175 13903 6714
11801 12250 2387
12277 1313 6790
207 12760 8721
13548 7390 2778
9844 5391 14681
9638 12392 10121
1889 329 1429
8987 2576 6891
12214 1231 12949
28 12773 10868
1967 7616 9942
7244 9324 2726
7044 13244 2422
6132 5288 7284
11853 1875 6162
2470 13992 2257
8739 9728 12629
3808 1775 4055
12374 12155 14198
11291 1438 7013
5422 3502 3757
5336 298 11367
7144 4871 9433
4026 3922 8758
3705 2504 12472
211 7049 10555
13581 510 13151
4073 8349 14832
11363 9700 12031
8729 838 937
10760 14956 8126
6557 10602 7295
476 11325 9519
8961 13739 12270
8974 5019 12125
4844 3138 8901
11461 8784 405
6637 3601 1286
14438 12369 11166
12565 9224 13887
3351 4871 13312
13312 10191 4638
7855 12747 9459
6833 7958 511
5386 2738 549
9241 14050 5678
13590 6427 1629
3307 2026 3076
6206 10200 9824
12719 881 11525
2509 2795 7976
5196 12447 2898
14468 9375 5135
12744 5592 3962
3263 11521 8645
1586 13637 3487
14005 7855 9052
950 8032 3970
4162 222 12483
5151 10483 13553
7771 7692 8419
138 11860 11606
14093 12306 5251
12350 14198 6267
10293 1013 11644
11461 6213 11195
2150 12603 4236
11979 7376 7398
8309 11420 13649
234 7868 9363
13213 9140 9190
11105 4461 4145
14834 6316 6191
7728 14548 14502
9847 5382 2053
13812 7206 5054
11294 9841 4836
14959 5232 12833
14980 696 1884
2731 8349 14901
3406 10399 5252
2285 7724 4833
6755 207 11430
221 2811 1851
12482 11966 12609
279 12143 12297
2140 2949 5009
9030 1140 13598
3623 2417 598
2400 1209 14117
1183 8892 5350
10786 9547 578
7596 6573 996
7158 7951 8817
1540 3845 1250
14211 119 1132
11735 8130 8279
5206 1864 3251
8860 5067 8921
7385 3477 127
991 11861 5489
99 5724 6113
7097 3474 5317
3441 9299 7829
3911 11067 14457
2435 3764 3708
12092 14766 11697
168 657 135
7835 13988 334
6358 5728 11471
5252 8375 10010
4121 5943 6349
912 6276 10584
135 2238 1440
10908 3555 285
7415 14540 9177
813 4222 8965
1265 1354 1411
9944 12642 9836
2142 9089 8517
6938 4518 11771
4884 13686 14419
4549 7479 5151
11396 6280 12765
5987 5780 2511
9603 989 8468
6279 2856 777
4237 6486 9781
11412 11832 9417
1618 482 12050
14916 14158 13867
6290 2421 5649
14378 5502 6622
7388 9412 2826
10062 3320 1143
13826 8342 7920
10162 11341 9131
12360 13390 4749
11215 12412 6498
11872 3075 4479
11908 495 7767
10812 641 9492
592 7230 14568
41 14666 8267
9530 2281 3130
9141 14626 5089
12499 12270 2421
3016 7598 14937
9484 6525 4005
5677 2973 7216
8653 12885 9302
14752 6220 3406
6459 14622 3646
12275 13444 3246
2490 14255 5199
11658 10975 1436
2041 10933 5743
4983 12131 4480
9801 1695 3726
2201 11349 2922
14524 9220 6750
10251 983 7036
13683 13265 1343
802 8312 14620
10459 4383 4223
7127 5667 10154
3990 2239 1106
8628 9638 8289
6322 12409 7707
9891 9210 6413
5577 782 189
3630 6504 545
9775 10924 11289
4970 9308 10023
9235 6121 763
12327 5907 7901
13785 9507 5222
14978 8753 10622
10487 14888 11641
2522 598 6912
6436 8750 574
5495 12171 5265
1115 8300 7483
12189 11331 11955
8723 10838 508
12086 7860 6780
11871 6345 6951
7199 11532 4395
3452 1423 5901
4235 3361 6424
5304 8318 6203
3324 3103 3066
8528 13177 9129
11610 12772 13122
12464 10900 10307
4347 7506 7025
2644 8023 12773
13429 11148 2945
12998 1855 10359
5986 7256 2231
9928 5195 10802
8862 1106 10782
5150 4525 8412
715 427 12969
620 14203 13118
11099 3683 6161
4034 2097 7201
14228 907 5452
3232 3905 9868
7401 1436 5397
7286 8613 10518
6841 14340 8831
12677 3593 956
14412 6312 1146
8551 3400 14150
3796 12083 7374
7953 8025 5387
9470 990 10299
5764 8400 13464
9086 7911 11741
5121 14894 2017
4528 14221 348
3701 7943 8620
13367 1253 11399
12958 13251 1050
6817 11976 9872
10986 8187 558
4625 10502 3133
6481 14312 3239
3231 4976 2796
8421 4063 12854
12898 6183 2202
4854 7136 8625
9509 12470 3990
6229 9905 4083
13587 3363 5273
2412 9262 8000
13642 11713 11952
8099 12750 2916
11864 12812 6892
10392 11303 4647
14611 3649 9473
7893 3186 4054
8810 8055 7849
2991 13986 14206
7305 2504 514
12630 13313 8626
9916 419 10266
5239 13099 8538
39 3467 8133
11687 4391 11595
14986 5765 4425
4993 3419 13703
6933 7648 10596
1722 12317 6112
7608 7787 2252
632 11214 7039
4784 8265 10755
8233 4481 2851
485 9470 6581
7194 10051 1557
10032 8583 9646
12495 13290 6059
1137 14099 13252
3996 9465 5570
1123 1874 13760
6248 11867 3518
2289 13921 7002
3324 9062 3612
13903 3416 13695
10823 4789 7387
1241 10567 6176
11170 6096 10742
13905 5168 7947
1812 434 7613
2482 1642 159
336 7631 4284
13144 6139 11861
4621 1375 8139
1754 13655 1393
3411 8875 1456
7301 5813 9406
676 5404 10911
6869 912 10154
13607 4681 2230
2818 9148 9768
1157 13410 1937
5520 5783 14448
2806 2533 2973
4365 6210 14538
5934 14360 1183
5764 9524 11844
5949 11969 3430
3892 11578 4289
10139 14753 10617
2059 7617 4794
4471 11313 5221
14551 7483 8895
12336 14155 3498
11444 10590 4350
246 9060 502
5887 7259 4966
5998 5107 12705
1530 10836 1473
434 7280 4134
12142 4885 8900
11951 5875 10386
7412 14919 6047
12636 13091 13875
13007 11603 11664
4249 2943 4458
13409 3432 2631
6009 13028 6960
5715 9844 7517
8490 3863 2968
14360 3583 1547
7530 14434 13703
9894 4680 14464
10244 5288 9508
1733 2350 1487
59 9888 2085
140 11538 5523
3192 12118 11931
8913 12724 7367
12589 1799 14012
14417 10357 12601
13987 3580 10611
9246 11351 13895
3538 6326 1119
7321 5445 6995
11260 14497 9008
12606 4435 8657
7978 314 6841
1172 8320 209
4662 6492 11896
11924 3495 10692
188 8962 13262
9979 4807 9014
11140 13861 2155
1039 13118 7478
14958 4835 13121
8983 10038 11418
10398 7672 5226
4841 14368 4775
12496 14241 10141
9893 181 6303
4191 10069 8729
2829 7117 6746
848 2321 9263
6715 14974 3909
12073 7123 1964
13207 10673 4697
14662 8603 2569
14701 5526 4266
14695 4763 14975
11491 10342 10707
14672 1599 2006
2885 4699 3708
9175 1610 1421
12249 9830 2103
3016 5424 12387
12719 544 11786
7697 5687 830
375 1335 11538
4209 6801 12521
10157 12139 2318
2812 3428 8562
7077 3863 4191
408 4350 1281
13303 475 1438
775 8094 4973
1272 2646 6208
11885 3616 11738
4482 14645 11370
10467 3410 1779
3838 13356 14846
456 8176 6840
4805 2884 12619
1734 2852 6621
11684 14362 1829
11741 13847 9011
11992 8784 12331
1288 2324 13872
10407 8962 6030
1893 3169 13818
9639 11989 5119
12997 14258 5342
2105 9448 10743
5799 9835 7034
11808 8657 5555
14953 14380 6005
11256 7919 14270
12828 10854 6233
7737 5700 942
5245 50 14621
9068 6050 11756
10472 8867 12575
7465 4111 10541
14929 7193 8732
10850 14607 14840
12430 6791 1736
13476 3825 9739
11509 11362 3460
2292 9517 880
3906 3168 14615
11421 9932 9184
13324 6862 141
13473 578 12427
13629 12316 689
7712 4446 4778
5003 7204 8239
9930 3905 11322
2447 13527 7801
6810 6665 3414
11285 12946 3283
3496 12664 9753
8605 7528 8560
9127 7079 3920
11413 8132 10235
7001 13991 3751
6337 5766 11214
3304 3812 3619
10770 10671 6778
13150 8791 11966
12072 3895 6582
11118 9050 14178
9217 456 12405
14042 13077 4545
9711 8339 2728
7882 4007 6921
14900 13337 14171
8339 9938 9119
9873 5015 14846
9244 5518 409
2277 14931 10885
10258 6718 13768
11893 7971 6932
14578 10922 11875
981 672 3912
8645 3969 10535
9897 2055 8742
8014 4706 11434
1742 12693 9836
732 13813 1503
1220 8759 2076
8395 8515 3491
2145 14513 12689
8526 13351 10690
10569 7862 4706
13398 12867 1815
4321 4369 242
6608 5773 11122
8470 4085 4388
8842 9452 4499
6752 10104 11879
12469 14780 10960
12206 7726 3070
3114 7595 9940
14676 10164 14604
3209 9849 11343
5581 939 13481
14582 10533 4002
2948 5138 11817
5706 6177 4433
10827 10805 2300
8523 349 6160
8640 1043 8154
9963 6958 3406
157 3725 5773
5820 9900 149
4602 5167 9925
13228 4205 1619
9822 13050 12784
7975 4174 9349
10100 5099 5331
9182 2853 3812
7334 13394 3433
9435 14 5913
14550 37 7886
10908 8510 14200
9600 1515 2927
5687 12289 5692
6435 5840 3238
10538 4282 11279
4526 13363 4385
9899 10072 12981
5391 12358 3119
10317 4323 10439
2680 13984 11797
1330 612 9127
13048 7725 10397
1493 13438 627
12482 13687 14212
3807 8944 4804
669 670 7243
11089 4813 4207
7433 14736 1382
13614 7807 10219
8660 13651 9583
2008 753 10689
14528 13768 1734
10438 8533 10406
3057 7605 9031
6656 12395 12734
9869 11664 3423
10721 6006 9095
12409 7891 8164
6124 4753 9026
6468 4486 7792
12926 14146 8921
9250 4632 14027
11869 1270 4757
5303 14560 175
3189 13375 3146
816 2499 3657
3332 773 11385
11403 14082 8783
9944 4596 7487
6671 5847 14573
315 11251 8786
8667 13525 8371
9013 3563 9465
7241 8164 10466
4609 4069 9959
6720 6545 4481
8944 12703 7810
3814 1035 14802
14576 11991 13837
149 4428 14355
13410 88 13059
8163 1018 12174
14700 8414 1972
14231 6917 7686
4145 12709 14960
9655 2899 14273
3794 52 2612
814 14344 6776
2889 5935 9921
9123 6998 2341
11038 6275 9294
4910 13691 12332
7296 13771 10539
4710 9042 13586
12327 12570 2337
7010 8681 14025
13620 8178 12962
14755 2895 7887
4889 14027 10354
5598 6270 3488
4240 5898 10036
14875 14611 6642
4998 5997 4380
5866 14363 2428
14199 2251 9938
12449 3377 5434
10213 12267 6577
912 4797 4583
1555 9621 9974
12427 813 1507
2373 2324 3346
9410 702 2474
2157 8234 3751
11854 8858 9260
12085 935 543
9342 8259 7205
12207 11534 7186
1454 6010 14168
2648 7375 1663
1968 12107 378
14858 4736 8443
14629 4453 11685
13847 9127 5678
14787 14090 7238
2692 487 3809
3814 13784 8899
4047 10021 9967
11825 7477 12243
2317 5865 6903
10507 14399 5740
8012 9981 6018
510 8228 10926
7148 8868 10
8693 9127 7773
9801 8559 6164
7914 793 2761
4148 7157 7021
8526 9263 6903
9558 6861 12741
3469 9291 7552
2669 2017 10592
10592 7839 13986
2349 23 11714
4318 5331 3271
12424 3462 1700
4824 9280 3530
5549 9716 12392
13141 14732 10752
5829 8224 699
11010 13579 14837
12616 2272 6840
3293 9015 8647
11854 6475 8094
4159 6669 1539
11283 11074 8972
12142 8554 3531
6927 793 11934
2611 11132 5463
11299 1042 2020
8356 13024 5926
5059 4935 7409
13395 5339 8722
438 4454 6775
12877 8040 5942
8095 5600 10069
430 5185 14441
8441 11616 3159
4117 11361 10954
5535 1213 13433
1504 14402 4326
712 3199 13075
13039 5981 12229
9061 9569 14750
11223 11382 4439
4267 13089 4696
11976 11400 12901
9666 11142 13703
6994 1643 991
9896 8626 10107
12595 8641 14513
4637 12404 9690
5839 2635 6949
13866 3083 4204
14863 10478 3643
7812 10100 13940
13758 11392 9711
14939 6441 9246
9716 2635 2651
4541 6066 10749
10213 14587 11535
4979 5172 582
13681 12302 9170
3972 11262 7424
4662 7292 7603
6131 12840 10511
6420 12942 8427
8474 1474 11668
6876 5229 6587
14940 401 12705
10300 5238 958
11478 7407 5812
13651 2386 1163
8395 4906 5036
14539 10038 9926
2324 4741 14730
9533 9329 4361
13687 5150 5710
204 10105 12889
5138 7819 6828
13752 11968 12697
3979 1699 14149
7030 234 10442
6879 234 2903
13003 2060 11315
3509 2821 12671
10061 9743 12180
12344 14456 2841
6284 13581 9311
12876 13325 8925
7164 322 7535
1736 8807 7275
9338 5430 2851
5855 3364 12092
11712 14188 13170
7377 3088 12006
1528 12991 6807
7492 10159 7259
6209 1386 4457
7124 7222 9163
5248 7771 4072
3522 9876 10596
4268 13796 9923
8711 7236 10405
12389 8632 12195
3185 12682 4693
14455 7082 13146
9199 4076 12694
9763 6648 14182
4740 7780 3404
14038 6904 1795
9528 560 14150
8233 8426 7192
9215 6791 13352
3998 13669 1913
5734 14971 5821
8270 1079 6738
8618 8393 12526
8513 14196 12185
3711 2847 7904
10635 14650 1009
2988 6164 11229
11319 6507 4153
34 9506 9936
12297 9272 14880
3467 1629 14313
7375 1577 311
11095 13380 722
1115 9355 14834
4827 14163 2121
5010 8149 448
8015 12080 6124
12398 8129 12341
9765 1581 1042
6144 13546 722
2108 2048 10836
6951 14630 9343
11851 146 3973
12051 3759 4098
14076 14636 4383
4629 8873 10304
8303 12664 7615
5909 12458 12432
2465 14989 8682
11088 9257 12189
7505 12923 1052
7715 13928 7832
12717 6275 3718
11362 7975 5025
10654 6387 8684
4455 2867 3250
11806 800 3343
2004 10844 394
5535 13854 10764
8986 13558 5597
8474 14234 5065
7165 12149 8113
12092 2930 4185
7222 6291 13689
11140 4093 3571
12930 13105 184
13217 11748 7706
1417 3332 11899
10671 12828 10389
9245 6149 1826
599 4487 6113
2407 391 242
12138 6449 9153
8875 9949 12570
4309 13859 1784
14879 9235 478
5723 8870 13935
11860 1022 13638
2148 6449 4110
5691 5966 198
10286 813 13452
2763 5635 1324
988 6323 6054
11066 14734 10616
14686 14403 12946
14211 35 10099
4074 11331 4724
2153 13628 2413
14126 14428 11902
11188 12233 11898
13618 4406 11672
8667 11564 5428
7146 10837 4442
4063 3567 1569
1596 7521 14586
5429 5742 5150
7651 6861 6981
12589 10682 12988
1434 1221 2742
8476 7794 11020
1078 5312 9711
9268 11028 6306
2527 6819 2136
12871 4591 14657
5730 4582 3214
8053 8921 6835
7228 13294 13617
1122 1700 4264
5755 5840 4576
8292 14464 14665
12686 10618 13598
5615 14470 6135
11940 14801 12272
4659 14475 3687
12513 13850 2934
6606 1138 4062
3834 413 7405
3741 3298 13135
4448 2722 13770
13424 2732 5794
2366 13024 7901
9659 12875 6772
1457 1079 11423
3818 2291 1936
13511 6276 14738
3903 6941 431
1017 6906 14326
5961 3166 14931
4923 5739 5972
2374 13559 5161
4772 12123 1460
8572 639 3277
11973 13945 5862
4676 10806 13721
11815 6211 7093
5499 2562 1461
5996 11349 9314
6834 5396 14509
6618 2865 11502
3275 5136 9013
4875 13415 13945
524 3155 8081
7655 10188 9557
9071 11609 2814
7455 9857 7011
2707 1614 1240
283 13397 2561
14190 8393 11524
1098 12024 5569
9440 8262 10413
3233 11904 3397
12749 6751 2975
4208 6646 1318
14281 6526 3997
12162 533 6241
9427 1302 11032
6999 13380 10926
10581 5248 3890
2877 770 10716
11971 9800 9170
13640 10155 12888
13473 8733 12079
6064 10986 8806
9987 8052 13597
12174 12618 1554
14529 1240 10158
14439 3620 13825
13796 14942 12755
13999 7516 94
2283 6333 7178
262 7759 10423
14986 292 10465
7614 14334 2284
2388 13002 6769
5835 7480 13932
12728 10695 12619
2092 6442 5958
6735 2323 13871
11863 10814 12238
9081 12470 9810
5370 5660 11648
8070 11960 2132
371 3655 8948
6093 4716 2071
1369 14623 1453
10869 13601 6925
7768 2469 12465
14498 4658 7169
14561 2735 2417
13158 7195 6314
8947 7810 5191
11056 7371 12941
11032 4598 13396
8149 3224 5938
6861 10321 14232
1528 9606 11415
12936 2272 14870
9369 1053 10003
10651 1511 2610
5811 1124 11551
9118 11977 1665
3786 9272 2379
10035 10977 3532
9439 3907 895
4430 3235 13226
473 5859 629
2719 12322 10534
11758 273 5527
1186 3125 9972
10493 533 4711
11990 3871 12494
606 4595 7948
6912 14594 7812
12829 3204 10862
4897 5458 786
6882 6289 2756
593 14306 11214
12316 12446 14964
4452 3443 12915
6571 9289 12018
8402 13587 11147
4932 9894 10069
7505 3874 8895
4995 13982 7912
7492 1322 4160
9905 3625 14801
2096 4656 7959
9923 8945 7632
7873 10072 7118
5934 8368 14695
3382 4244 10899
8408 6404 10391
3379 2590 860
11552 5246 1246
7962 14819 12280
867 1435 14685
4422 8378 14406
2139 12545 2179
1784 7840 6511
11168 3135 13839
11023 8296 4546
3232 1980 2641
7169 14638 8379
6266 10478 6756
2575 1114 3090
11175 2480 4973
5122 12432 4775
9620 8435 13204
2194 1334 11474
957 14765 5902
2312 6733 7055
9903 3763 10893
4122 10937 14431
9145 12858 4219
5273 147 2470
6105 13847 2781
6786 2746 3714
9624 7937 14100
4307 6680 1043
1870 2599 9203
6266 14145 3702
10582 940 424
9568 11316 7624
8469 7553 11113
10211 1617 13918
1848 2214 6249
6321 13201 2550
9930 6122 6801
249 8678 7478
2072 13652 2318
14041 11840 4159
7631 4084 11445
6348 14983 12272
4690 11716 5823
14962 13204 5572
3885 10645 5996
2541 9446 11332
11124 7426 1290
14873 12163 7232
4853 12491 7209
10979 4606 3799
7038 14946 9874
11299 7341 9979
7197 330 543
763 10107 14016
2702 326 6544
14127 8289 11755
14913 14861 2448
5578 7981 2019
9546 8704 4506
10859 2813 1633
13768 14861 6274
10737 9790 13006
554 3559 13582
2452 11227 9979
10236 5912 7513
7217 13070 4402
3868 12857 1221
318 12670 6534
2748 6357 6990
3743 2052 3753
3 6765 4494
6771 3478 6869
8143 9746 12040
8617 12860 11732
2282 6960 10006
10848 11493 13768
3903 12180 6832
6402 11533 7440
2402 9411 13773
12877 6024 11442
7562 11808 1213
2528 2733 3490
8625 8971 12141
6145 4783 9254
13972 9980 4428
11645 10130 14691
8131 10551 1075
14054 13921 12958
14750 2895 3881
11127 14540 2373
8747 11605 9721
3464 12460 10360
1812 9978 5314
7773 10481 13533
13593 4459 5372
126 12282 12692
1489 13578 3780
6215 11942 1880
12480 14001 10542
5391 1258 1441
3902 14888 13658
2556 1308 8637
11277 7377 11383
7781 9015 80
8113 2025 6016
2258 5209 1342
3838 13581 10289
10849 12083 241
12321 4988 4469
9135 7698 12307
3654 3403 354
13844 4512 11523
11186 12397 1740
1098 7331 11925
6333 5167 1168
1664 7972 8779
8045 13971 2223
3366 3785 4445
7754 2633 3801
11540 9588 10348
1589 13733 843
6155 12763 5480
3212 13286 9648
5480 5716 5725
1640 7440 7884
8499 1171 1163
1354 14567 7997
9820 9883 9705
9402 1178 5489
6334 6738 2993
444 2759 1494
14797 13614 74
367 13413 4369
8941 4539 3495
7890 11191 229
790 797 1225
13665 2738 7516
5292 7743 8660
12838 13986 5562
11212 10145 14153
36 323 1756
13747 14142 10173
8893 8224 10880
3219 580 5121
1522 11115 1938
13947 10216 791
8350 10830 2999
1312 6391 4151
7473 6388 1980
10893 4427 10381
5447 7722 1323
1793 1194 14057
4716 10221 509
1079 4264 1036
5170 4195 4624
7035 5017 1216
291 7430 3738
1423 13696 4375
4034 6266 7376
10766 8959 4892
9831 11503 14843
13305 6312 8754
6378 1157 1489
10888 12656 2205
8082 3586 3341
9772 11025 14153
13137 5494 2079
8102 6506 5881
14801 14251 7729
2597 8840 11408
13845 11713 4452
11063 6901 10096
1825 5002 7385
9849 4540 4868
230 1658 7600
487 11077 7230
5308 7817 14627
7451 13095 9004
8387 4903 14895
1138 82 14614
1120 11432 13913
10466 6149 13840
8051 4557 13882
708 1005 12424
2022 9570 7992
9012 6292 891
3684 10511 6085
1096 415 5149
243 5817 4676
5103 2517 4350
1013 5509 416
7490 2172 688
1129 14611 7415
8083 9848 13317
14591 3616 7764
13333 1488 3415
9427 11056 1478
5749 751 3717
14985 3318 3246
3229 13749 8417
9053 10815 8329
3205 10898 14380
3470 2947 4550
11245 3735 12565
7728 5807 3119
9461 14411 11462
2316 11240 5953
1851 5872 7366
13419 6985 13578
5678 4705 13256
11555 78 7091
8317 13527 10999
4631 14212 2575
1070 5454 4868
11204 5860 3328
14093 6442 11594
12346 14766 12086
5059 1256 10375
9582 3219 9645
9637 5965 14306
2422 13970 4824
4482 13233 14707
9613 2065 10928
1944 14971 7725
10132 4912 805
11615 5112 172
741 9167 12145
2273 12545 8052
12294 10017 6915
1740 5329 1581
1016 84 13921
3587 3988 12759
9318 1318 12415
4970 1788 11390
9263 5521 5638
11305 11579 6476
12943 6628 10621
7278 2020 1742
6872 1067 2681
1892 10773 5293
8883 12016 6141
14603 6309 5520
1819 1727 4474
6085 6436 10802
2276 11473 8689
7754 1717 389
3764 620 5522
5876 7932 7323
9618 6660 14457
4162 772 3360
8315 5076 5024
874 10019 10707
14040 9621 9154
13886 2861 51
4821 8850 12842
4025 9849 7833
2877 4152 8652
9759 13941 3567
1685 1470 5598
6978 8023 12375
14777 8351 2004
1200 11805 2765
8163 929 846
9548 11841 4097
4174 13495 2896
4552 3384 6713
2749 4195 3232
1865 1042 10925
4330 12449 5253
2355 7866 1547
13074 2598 10519
3521 11557 14580
10266 274 7819
14224 3206 999
4979 13274 9418
12878 5388 8269
3457 10572 1676
13850 13337 13884
6354 5368 1770
10550 11039 1858
11332 13960 13796
7798 4506 7780
10453 14936 7707
5336 14954 7161
7357 1094 2886
14271 7945 11465
12084 12336 11503
12481 12738 7227
10941 13169 11475
2306 8988 12630
12455 4665 404
3752 12854 13152
3539 614 12041
4805 8440 7907
10536 13386 4371
102 11224 10
7052 1622 6323
9289 1137 4240
2937 709 14665
12014 12908 10686
3992 12975 9042
4442 11792 8207
219 12997 14
4416 11792 14708
14069 3418 4929
6220 13781 11323
11008 3714 1949
11706 11287 11372
1004 7526 8391
9845 3276 12880
8705 1490 11617
4848 4942 3657
6896 828 12370
13958 9536 11312
11460 10072 14454
12667 9245 2791
8392 3951 655
14599 1137 9072
8001 8334 10111
7986 9839 9538
4323 13477 5638
12775 1260 10554
379 5234 4610
7063 164 9972
10328 7367 10673
6985 9425 2004
10764 8300 7477
12494 14830 10425
9709 13972 7122
457 11053 7156
6645 12623 6298
3316 1145 14176
11230 2212 14910
3657 9444 11364
3336 8839 2420
8000 6117 13665
11718 8971 10174
9357 8907 2177
9479 6838 14562
11821 720 10839
3485 11718 8501
10740 9806 1452
3701 8340 1769
7420 13570 2444
6242 185 10195
7971 10184 10425
648 10562 5190
12040 13835 9692
6639 1504 122
3692 14799 7287
14412 2791 3727
4896 7036 3569
304 4127 10126
4494 4589 4895
7719 13524 12207
12028 13297 6583
6396 5633 5498
12781 11920 519
11248 13411 4203
2020 9958 12823
4258 12432 636
5461 13820 7849
14202 9548 7280
6551 13091 7050
3909 1901 3072
6805 8857 10015
10544 1515 13615
6541 13604 8124
12620 6424 9446
1069 9051 9834
5898 13854 14072
5754 8475 7828
3316 10971 4345
2832 4364 12561
3300 6868 13342
9738 3496 14036
4809 13545 10089
4243 13053 4664
8682 8959 11448
121 5728 12942
2099 1649 12399
4483 10851 8887
9315 11950 6969
9597 1271 11553
8098 6573 11501
6593 5332 2099
12984 2540 473
4920 10093 3906
10114 14097 8069
7232 6776 5314
13776 9072 13732
9814 13600 8840
2356 544 8550
6273 7361 487
4365 1679 6772
1192 6020 11720
9321 10189 11088
6339 9139 13199
3703 1582 3874
7314 10300 6459
760 3989 1327
11340 4525 9895
6216 2176 10803
3424 14747 3536
8898 3381 8122
8352 2637 4593
10999 6590 14202
4611 7700 11228
8309 9307 13165
7572 5020 14632
9007 7066 14434
1960 8466 5309
2193 1214 11514
11830 6705 8913
4233 2882 12500
3104 7624 14990
2765 355 10801
6152 8243 1254
13970 12726 10076
10469 5086 7024
14496 9455 7978
6095 5873 11561
6788 10319 375
10720 6892 8410
8542 11811 3748
11578 4795 12660
9010 4961 6412
8791 12258 9585
11830 7941 8687
12649 12825 6927
6332 12695 10360
2090 6772 14513
9320 4029 7693
9963 4420 8383
13224 4577 768
12683 14773 4966
7219 11906 8255
2290 8751 6070
9283 10359 6012
12795 6778 13899
12444 4022 2466
668 5762 12559
10795 778 2823
4243 112 6471
6102 690 2709
8791 3517 4200
9246 9884 12806
9571 4460 2140
6907 1680 4843
14176 223 11129
6311 3683 8037
12269 10588 5426
11799 14851 5557
13891 1212 639
11582 10016 9640
13542 7557 12215
2413 12127 12890
8945 9471 9760
8845 13606 8534
13539 5987 10472
2906 6329 12675
13455 465 4393
4973 10566 5554
3469 12554 6344
9983 9668 1497
3625 6820 11159
9671 449 7310
2875 7384 13250
4258 2512 3447
1190 7806 14132
14322 13665 6757
10944 949 3377
14393 4234 11732
13052 14105 12128
2674 2756 3868
11539 13042 11895
12632 11228 11099
3185 12308 10632
3354 3181 8370
14102 11056 2130
11058 14571 7355
6996 7937 13383
7550 163 11868
12902 9176 5441
12558 7364 4567
14815 7061 7549
7099 10848 6838
4391 9855 9957
10058 4792 12638
2470 9626 2548
3556 5025 148
13199 6857 10678
12399 643 11310
1070 3890 11133
4022 10702 8160
13711 4295 14479
12029 14712 2859
652 10762 13288
1147 7874 7468
2330 1649 12461
9793 4205 13305
6424 8225 9393
4488 13202 8179
5001 2967 10578
1374 12093 5939
4520 11535 11407
5808 14755 14309
740 8885 7431
10519 6348 12466
5989 13053 1639
12518 10770 2457
8481 7410 14002
6710 4680 1977
11971 11424 2281
8716 14755 11101
5748 4035 7318
12548 4766 4548
12587 8559 9853
14037 14317 2537
3640 6868 11861
6811 1988 2586
2638 14685 10551
12469 10416 10776
9197 6844 14385
1698 11956 13562
2960 1225 12553
11184 10282 5919
8573 6108 4366
8471 4731 13397
12054 14226 12845
1081 2017 13945
1172 12235 3446
1344 14915 13302
11146 6635 1112
13297 1087 13983
6324 14804 4948
4891 253 8817
258 11686 4239
6874 12191 4803
2030 1866 1473
12304 2742 3477
12789 5575 384
2769 2911 4541
2572 7908 1417
7410 6306 5352
5206 12898 11982
8539 13059 1539
14951 14118 4481
11584 14565 12787
2769 1926 10869
3684 14777 14694
5032 14471 3889
9013 823 13860
10049 9917 877
9261 3082 6683
11888 12020 8741
12667 10866 7063
12425 11457 8391
9161 13718 9221
1279 12074 14369
7621 10667 773
4487 8793 9447
8798 10594 6589
12568 8072 10144
8961 1794 10158
11111 6930 13021
8192 2041 4478
11220 10360 11612
4303 5387 644
7801 1807 4985
2774 1860 10327
11090 2019 2698
8708 1940 8530
4893 7199 11118
5805 4201 10783
6504 8031 4736
6607 12373 13280
2984 699 8236
2864 44 13398
897 3860 10000
11163 535 5209
8459 8059 6936
7523 11468 13668
2321 1676 1319
3693 13335 10918
12657 7354 3846
11851 1098 14402
9311 7422 11328
5751 2580 14603
14530 8269 2256
14286 2607 9323
14127 7842 10673
2679 13979 5997
11550 6259 3390
1605 1576 1926
6536 1088 7505
11242 4612 10215
12408 10400 9499
11096 1523 6036
2369 7955 11187
14819 9308 11674
2208 7622 4931
4967 9529 627
3486 1978 1324
7375 146 7148
9938 9811 5831
7035 6633 4883
4163 3562 8824
6619 10864 2614
4298 14536 8935
11610 2506 11059
8668 262 2570
9588 5118 7764
13374 14764 4886
14252 14058 11468
2676 9001 12744
12063 8742 5284
10804 14155 9961
5856 9778 3650
11888 805 11289
1813 6652 271
13596 12503 9844
13491 1032 11678
6209 2671 11044
2312 3167 9368
13360 7760 361
899 11933 10808
3584 5847 892
491 13209 5616
7623 11620 13502
10285 12326 13518
3380 5166 4432
9129 743 14807
6759 4340 5131
4743 2292 14925
11497 13213 9384
11988 6756 14990
13976 14828 4274
1832 12930 6750
9480 5605 5354
11268 3737 11104
9680 6588 3459
3128 7574 9600
11398 14540 11466
1155 2771 10582
10114 6292 7398
3144 8007 14156
14619 1052 3559
3763 10568 6925
5495 9684 4002
10061 14696 2396
7400 8826 3605
2308 4519 10322
3624 4185 12971
6309 11989 12852
14452 27 642
12462 2680 5041
7369 12251 7398
10238 12188 3049
2265 4237 10482
1686 112 2495
14546 11384 5448
1951 3535 9893
6363 14452 5248
4482 13788 6439
9863 11179 10850
8001 14136 9490
5248 12486 6929
174 167 6299
11249 13675 9953
11397 12989 5816
5635 2075 1340
7116 11527 8823
7507 2045 2917
5042 2375 7738
9339 12936 12609
1484 3936 12370
303 7626 10099
13453 2391 8855
8587 13677 5498
10869 5293 6667
13572 14208 7546
14575 14095 1320
11483 9993 14490
13620 2976 6144
10724 8486 9661
3220 5513 8679
6566 10523 11489
13268 14057 3142
13815 893 4561
9760 9574 3196
9746 4727 8414
10173 12157 10799
5276 7322 5128
11401 13713 7590
727 4251 1493
5476 4153 14716
4834 10568 9210
12807 1108 10384
11362 13853 12480
12901 12156 13614
1247 11707 12738
3642 2076 5058
11596 8626 963
9527 8527 4684
2537 10527 7557
14394 12986 1426
10989 2143 3420
9425 13867 14471
3800 13848 5271
342 10378 1891
9209 2079 10970
11292 11632 1281
8818 2047 8123
13293 3827 10057
6251 12481 4557
11073 8907 9490
13549 12639 7888
1467 11960 6627
794 12795 13265
7727 2150 1459
14032 9224 8685
1666 2860 4776
12790 13518 8046
12670 6549 14687
890 7515 11803
10451 5202 7464
14931 3607 3450
12777 14463 3563
1057 10828 1311
9807 9529 5102
8951 4766 6502
6783 9129 11308
13216 10327 8795
826 1775 6474
10502 9958 11981
7118 8730 12408
14116 3526 4961
12763 216 8241
2019 14799 933
13284 13853 279
1999 9162 1039
5087 12815 12581
13608 9754 13661
12219 9929 1491
14717 3860 3947
10437 12096 13611
7568 11246 12969
12836 14247 6400
5935 2360 10593
14399 11128 5216
4491 1676 5116
6198 1220 249
1153 10690 5806
12586 4029 1652
9538 7544 2838
4994 11860 14205
538 7991 4168
13592 4120 13706
4913 604 2515
2148 10667 2124
7631 11249 4958
13126 336 8074
14852 10448 7088
13992 3750 9650
2837 11237 4138
3027 5093 1596
3496 8654 4086
4057 5931 10935
7889 6440 9231
12689 2445 142
7354 1217 8882
14625 12376 9700
14732 2247 9420
8268 4146 14226
7711 9468 3186
9634 5001 14081
8747 9064 12749
1243 1093 11113
185 11260 2504
9505 12640 12293
477 7998 12208
2243 10326 8140
3471 344 9436
2924 10261 64
739 12037 1894
14273 11813 13727
3496 12148 231
13500 14358 14995
8944 9582 5260
6022 2475 9274
8563 12473 5329
8984 5638 792
1375 12308 13570
9445 2567 14601
10203 4260 13597
10434 12872 4745
3818 3993 6373
7763 1859 9761
14254 11100 342
12127 11943 1865
8395 9433 14595
3751 8590 9132
5564 4211 6903
4008 1322 14271
1584 4892 14076
14656 4898 7899
12228 14665 10065
7129 3535 11927
231 959 657
14260 2729 11606
2479 11782 4178
6391 10596 13128
3728 2097 3727
14017 10207 10144
2010 14574 2980
13060 13344 13972
11344 6266 11467
1632 14526 5460
9040 13552 5717
8090 1263 7589
3066 3772 1823
2791 9903 13759
4 5280 4149
10008 13034 8132
1987 10276 3364
6167 6506 1414
7244 6307 7480
2163 1362 14373
8938 9841 6159
10202 3408 10944
670 6307 6579
2895 14995 13297
2103 7522 9611
8702 7839 2318
3285 7865 11138
11503 6962 13278
11106 5761 10352
5392 7136 11500
3763 390 7152
3935 6104 14610
6319 40 3386
14533 13495 10460
12518 1590 1858
10450 9559 4710
11754 6268 14354
4114 5074 14563
2046 12828 9793
8333 5910 5487
5014 8708 9993
12723 8752 14778
1680 4928 7839
12553 13887 11007
721 6086 5818
14683 372 2171
1338 8154 13475
14698 14818 11957
5766 705 6645
7450 6182 12947
4538 8 10020
7436 4488 3878
13542 13367 8211
5852 5252 940
1258 10169 5148
7842 9686 8600
14587 5090 7393
14935 11894 4031
11874 8705 12905
2837 13465 7418
1965 11830 6671
1062 12234 13263
10364 14129 206
2841 8759 9118
5017 14526 10726
11504 11013 8242
4668 9614 14681
8573 11826 6446
9297 12377 11268
12372 14049 597
178 4590 6467
2154 4936 1284
13364 14491 79
14887 14111 7468
2293 5981 10350
2963 12312 8582
251 1533 4250
14286 1012 12456
9075 14906 2740
9994 2641 7596
2272 11482 7610
6688 8117 6294
7829 3352 3521
6793 95 5853
7131 2219 6801
6987 10285 4464
4125 6208 13828
434 10491 11152
5036 4830 14473
8425 5000 14038
3413 946 4647
6337 14231 11955
6059 3695 5786
10351 12355 9918
10642 6270 358
4540 14394 2929
4821 3224 11196
9118 4483 5613
12778 5287 8769
5849 9571 995
9006 13326 8862
789 8120 5670
11576 6076 6742
4349 3240 12993
12022 12315 8321
856 8725 9140
11088 294 2760
6353 13818 8874
419 9619 2164
2410 4260 9320
772 3384 12612
11358 11722 7198
7951 6579 7155
3023 11379 14074
1495 12339 5897
839 12774 5483
4523 12846 396
12027 13697 14972
14589 7322 7703
4840 2411 3585
6469 8760 4855
12873 8408 11069
8742 1781 10753
9313 7220 7622
8178 8365 5576
1336 8302 10579
1915 14425 10026
7215 2880 12622
10150 2246 13761
12241 8608 4397
7698 7243 7407
4888 12511 2667
1481 1307 9451
1750 4045 9278
8518 3829 1073
8642 3788 1440
14741 12487 14414
2015 10180 3259
12237 14825 6959
1540 1511 7862
330 11201 7643
13235 9450 12864
2451 2975 13010
14634 6361 4699
12440 9441 1940
7135 7329 1885
3721 8886 6032
1748 10188 3177
3875 9438 13547
9463 10554 10424
11024 4339 12659
1819 12572 13055
3907 14853 4256
2969 5878 11448
7756 2408 4099
11549 24 11016
3102 5003 10577
9 8812 11594
832 10854 10001
2627 9521 5670
14983 11529 7018
3137 7021 13528
12851 14959 2242
9851 14704 8646
8531 1913 867
13908 6279 9967
4230 8199 12385
3510 3470 4316
1904 10376 1271
8425 5745 9995
620 1724 6201
4803 14906 482
7175 12379 11985
3609 8655 8010
4098 14072 4375
14938 3311 8929
9589 12570 11655
8163 7394 1042
3758 11229 8479
12095 6066 12143
3019 13697 14583
8865 2472 4959
11879 6558 7024
13296 7837 4972
11952 12212 5859
12179 8926 7474
5753 3756 4128
1420 11167 13172
2969 8000 7913
9271 10707 6421
2177 2378 7874
5625 10020 8907
10784 3399 1855
4991 5541 14665
8393 1715 3838
1900 6347 12503
10606 5324 10278
13010 7927 8969
14887 85 6035
11865 2339 9910
12980 3617 4576
6444 5950 11416
3036 2117 11423
13088 4342 3627
8120 8998 7609
6121 10089 12115
5368 3960 10488
2996 10033 6780
13266 2818 6900
7588 13422 10795
2719 11344 10578
6353 9018 7347
4324 3067 11372
13533 8092 5333
8139 3769 13813
9554 710 9957
10608 10287 9580
223 14474 3986
4611 7766 4685
7077 11612 12564
12690 11048 9301
8556 4381 1364
9135 7303 7862
9807 11145 11854
14885 4524 13442
10715 2027 10587
1543 1829 8456
634 9078 4756
924 4627 8800
14436 13967 6923
13681 1679 9137
7981 7004 8927
14408 12284 7540
5994 14144 9966
12968 5429 9825
5542 9683 400
7134 380 5475
2057 6884 13483
354 14848 7410
10020 9579 9582
9149 6479 3986
10359 3523 13124
4186 10656 9605
2672 14632 6028
14565 10403 2472
1166 3908 12791
7413 3114 7640
5778 13467 103
2599 6889 2073
9394 13264 8179
4669 8147 12902
5880 1209 5404
10689 11401 3547
1247 12841 10100
14571 13991 6560
4906 3703 10949
13478 8678 4046
1421 9466 11214
7106 7706 11658
5348 4552 5541
9255 6336 11059
7052 6158 8112
12287 219 2639
2989 1337 14796
13437 3161 12790
6176 13452 14774
3089 8909 12378
6365 9725 7701
7736 7436 10291
10709 4359 4999
2801 11733 11158
12947 6544 3211
7446 2424 920
7863 10255 10667
533 1609 9305
13744 11138 328
3370 11149 3626
3381 2668 3484
4730 10954 670
11648 2236 1428
11979 89 10555
2899 8814 12294
14588 6594 3874
9433 13792 14735
3722 7964 3767
3585 8468 363
1988 9295 2894
1724 8796 11905
1667 3892 13212
14437 8347 4008
9610 12455 11921
9689 3024 12373
10017 9854 5064
4146 3855 6176
421 2463 1173
8345 4795 485
5266 6877 9637
6624 6607 11198
13875 12796 11093
12030 2706 1248
14423 10980 12660
3124 8148 9627
12578 5686 5966
5633 3452 3485
5406 11017 5467
13963 13296 13496
5795 8268 5342
2637 7632 10053
12254 6868 10822
14558 7542 1522
10807 100 8558
8178 11212 11870
10093 13392 39
6077 12943 11123
14747 7606 282
2621 13056 9975
10741 13423 5300
7288 10808 9227
7688 14221 13959
12591 1472 11513
5229 9472 589
10441 2133 2856
8548 11841 4796
10344 11677 1770
6437 3048 9955
3926 12646 14732
7588 2808 7134
11584 4761 9541
307 7842 121
12832 8014 2478
3959 4256 10879
11462 11397 14614
9353 1706 11539
12427 13215 2883
10390 29 6803
3011 9445 6358
14775 13775 10231
13287 12644 7117
1694 8449 12923
5114 47 9320
5217 11952 5343
2586 6485 6205
1240 13 9363
3215 4894 106
12951 8283 4411
6705 1491 8601
795 8016 1758
4426 4566 5793
13156 2612 5452
2862 11203 1351
12357 12016 156
10789 7729 9057
14076 6331 10407
2687 6125 8183
6256 1428 9508
3907 5682 11694
10854 3242 7386
11557 13291 8948
5690 801 13261
11618 14535 13358
1318 3366 10732
544 3656 265
3915 3781 5685
1987 13865 2043
13545 14705 2580
110 12167 4564
3321 3234 9112
1988 2423 7595
8312 8405 3880
4145 4753 5091
13626 13197 5091
4111 6164 14933
8365 7672 4593
2709 8682 9476
6353 10235 13167
5564 11421 14183
7300 86 3717
6584 7275 2612
3727 6563 14558
5067 7593 11745
13820 10829 2667
4763 5170 11519
3851 14575 11380
4359 2587 8979
8831 12047 9769
7040 9827 10156
1702 7893 8464
1959 12504 7714
9329 11283 10836
5835 4696 13544
4602 953 14958
4843 10446 4866
1078 6676 3362
12919 12032 3526
5081 496 3620
12345 9938 8985
5103 12593 14371
9169 9322 10362
7290 9876 14130
8652 9563 12780
13794 4770 14133
11328 8615 14016
799 9882 7987
4153 10395 3862
7491 6585 568
11513 5499 10148
11917 6313 5226
2568 13114 5433
11277 3044 3274
7927 13848 6749
4649 8712 10941
2985 5590 13360
1231 12916 89
12289 3968 10121
4524 4232 1385
3987 7750 6328
13129 1373 8332
11354 9594 5492
345 9810 9635
11833 12917 502
7548 14958 4904
6805 5805 13213
2358 818 9434
3504 9361 4836
5943 9876 4177
13508 14142 13732
5355 8353 7171
7982 5687 4047
4125 2108 15000
10038 14391 10510
742 452 11576
1173 1053 8437
13858 6696 6080
9861 8112 10451
235 9453 295
2404 8385 12949
9855 5778 2307
7164 1440 10409
5130 601 2070
13666 6633 1482
14136 2528 3770
12773 13180 2549
13450 4576 13753
12128 12484 4850
13187 5193 3406
8095 5231 8598
7483 2289 3447
13176 10351 741
12049 10891 7943
7558 7085 13874
264 1527 7679
4747 10838 3226
8822 12858 43
10726 10638 1920
11128 13556 12460
1629 13090 9647
5439 10478 11071
10708 7932 13388
7147 7505 14959
3072 12250 14954
8950 5161 14323
5293 9104 7944
11227 633 3259
10530 7083 10229
3770 6440 4307
4831 14517 1972
10315 5108 1002
4138 11017 14032
9689 11234 13989
3297 2517 10179
12193 8164 13850
12075 8895 6953
14799 11429 10056
14681 2990 7543
4812 2413 11774
5926 7958 4298
13021 9090 4698
10752 10611 281
14311 9931 13135
14270 1428 7689
1352 8814 9315
2955 11233 1958
9324 4593 11233
11488 4458 2032
2715 5558 4527
6088 824 10841
14754 12294 13461
12962 12938 8300
11139 9753 11550
12904 7882 8505
6799 10900 13843
4974 5852 14190
1744 13312 5080
14937 6384 4052
13297 13627 13302
12151 9834 10070
13287 4699 1894
975 4659 7557
2852 14003 4989
585 1691 8323
1875 14417 826
13898 4270 3280
9099 2626 12157
12544 7377 6835
10026 3751 14652
12431 6271 276
272 9841 14356
161 10064 14496
855 4437 11310
1672 13269 1551
13674 2566 13535
8210 8795 8691
3057 13451 539
9286 12240 11935
10030 10094 7331
12226 8176 1160
8982 4843 1625
2697 5350 1639
6711 6353 11718
3598 10941 14495
3491 4042 3703
1098 2944 12449
5000 11071 1615
10216 9286 4877
5791 10445 4874
9141 10027 9932
8578 13033 4472
3279 7936 1911
4172 14965 14448
14861 8600 13161
9392 10194 781
5882 9226 12253
14860 10872 9327
845 9830 14125
1627 4890 136
5048 5250 7446
12697 11828 3626
10431 9649 10569
787 5698 11894
10362 7286 10376
1450 7299 6201
1328 5806 4180
8516 5069 7533
2152 3758 8182
11048 7618 1918
10183 12283 11873
1588 9446 86
5662 10460 10757
3951 7940 10655
8486 7343 10752
6472 4280 775
2719 9450 7645
2415 11347 810
5087 8637 9643
4229 8024 13048
12395 11134 2725
1785 14274 5739
6371 12000 7110
9153 10889 2940
4218 10278 1338
11334 2355 1903
7544 13823 3431
106 5374 9502
657 515 14832
14031 8741 12787
2044 5175 7434
13438 14921 580
13285 12961 8428
9225 8588 9730
9377 6768 578
2467 2615 4035
643 14064 7209
9154 7996 10649
10048 4734 9563
6410 14354 5873
8077 14180 3664
7173 10920 7070
1976 13600 6221
6997 340 5235
348 11387 13379
13062 3956 12844
2655 2418 3708
3648 12504 13671
569 14068 7448
5532 3534 3169
9690 6358 6230
7547 4061 12237
14424 2759 14255
14449 472 9536
14091 13077 5876
8886 3258 10554
13474 13959 1917
6984 7563 8850
13367 14136 10412
8083 8002 7859
13640 3060 3158
6374 4799 2123
10982 2967 5240
10559 8461 14067
2630 2637 512
2033 2600 7591
3506 12531 10550
11478 4417 9368
1876 10821 8854
4973 7390 3099
6850 13032 11143
1708 1249 4047
8532 8735 14542
4003 6252 11873
2966 12283 5376
9859 14239 10668
7021 13812 10444
8193 168 7825
14305 3893 13525
7706 1761 13930
1442 5290 8631
13311 7895 4428
3907 627 11882
4784 2138 3718
11311 388 6789
10126 926 343
5353 2529 13130
10973 9781 10484
6835 11329 10349
563 3787 13805
8147 732 9394
2626 11969 13474
2804 8729 3795
5395 7578 7313
12700 13324 12124
14393 4122 734
4282 11471 10950
5074 12495 5684
13318 1730 3529
14340 12229 24
13549 10445 9778
5718 13327 2314
5093 11612 5683
4035 13278 8607
7748 4279 7224
14165 12737 14740
13179 12908 3816
80 13127 8550
12612 3713 13496
11531 3679 8239
11180 9933 4373
12389 1280 2332
7102 7068 1616
5520 12313 8614
5324 1496 10592
6969 14743 1497
4282 13704 5287
943 319 13403
3107 2697 5818
8575 6755 11308
10133 12341 9647
4115 6728 8093
12094 14390 3909
2301 6048 10519
10544 12898 6891
14579 9481 129
8596 8600 1281
14807 261 6941
5900 1066 12387
7687 4181 8042
531 6172 8498
3828 2168 8728
8051 8490 4879
6150 11794 11471
14527 9292 10778
11612 10843 5614
12089 7375 8709
4971 3062 742
13705 11271 12332
6927 8447 13667
12355 531 5968
1328 11700 1304
14681 6357 6658
8549 14141 1492
13555 9137 7300
8390 5118 14885
5821 972 11990
11497 6217 5478
618 2901 11243
13400 12935 2033
1504 14598 12028
4363 3904 9950
10382 8609 556
9498 8312 7270
13550 12547 6388
10573 6174 4694
1879 5189 2698
10142 13450 14566
14100 12747 5845
13865 14539 4078
3508 6909 2330
14942 10325 3399
6361 7170 3953
14919 8091 10078
10195 4286 1659
12831 12705 36
5961 1095 13024
2865 8528 10193
3319 2041 3850
4280 8722 12596
10712 5373 11782
2849 7953 1309
3749 9331 4157
6747 11306 1723
7760 4831 2605
12569 11341 352
4254 2743 11450
9799 6686 3725
4604 1385 2705
11971 14889 4366
11550 6842 5972
2681 3761 8432
9219 1288 1026
12100 2176 1509
14071 11624 11112
12951 10599 5579
9882 6199 13800
13961 7291 1412
11531 6758 12577
911 2730 7424
13543 4867 9958
11845 8408 5145
1893 13586 9116
13141 1553 11378
8724 12514 986
8989 4028 5747
3380 8595 1028
8730 9260 8488
6642 3404 4986
3200 13717 5891
6502 13605 10627
13170 6143 7628
10356 9805 7589
10893 7359 4687
14090 3963 7080
11723 2272 12884
12423 11354 5801
11709 14237 10030
9484 2861 6102
5238 12640 6173
8138 8967 13303
9674 12851 8440
4232 4052 890
5744 2573 9673
9401 13668 13563
1781 45 14456
12786 9078 2670
12625 1237 10376
8516 3032 6712
5762 9753 2292
6669 8465 7291
5657 6724 2624
1471 1943 14091
13115 12583 7272
12901 1616 5224
741 7561 9500
1235 12474 5432
3741 8550 1440
7506 8560 5583
9555 7090 10974
8836 11830 1519
3892 14508 9011
10075 2616 1789
782 2281 203
7784 8781 7902
7652 10837 11632
11039 10231 13181
6811 549 3414
7502 5222 10039
4614 13552 3085
1530 5174 8341
1788 1121 10673
9861 9307 5138
12943 6397 7844
8747 12877 4601
5629 5955 11287
755 8912 13340
10001 1072 10363
4575 8092 10553
3858 9600 4801
1638 10273 3524
8167 13584 328
6546 11606 12701
13198 7286 14794
7943 10676 10184
10103 8754 13938
9138 13744 7642
12238 4206 2938
1520 13213 14389
1774 6261 14842
1518 11312 3729
10923 13709 5563
2892 11783 12664
3154 8307 3815
4151 7128 1955
11540 9533 9852
10641 11212 118
1827 1499 14792
12693 7389 4142
2226 8987 10794
14703 7922 6344
874 6498 5825
2832 10580 613
8993 7455 295
308 1144 5208
13932 1076 9861
3197 9337 4375
4176 2798 5394
3398 11160 14232
7078 2469 7442
5954 11112 12323
813 344 14411
2638 7855 6848
12750 8007 12619
13337 13809 7131
7904 8607 7754
5775 11780 2802
460 2990 13652
8735 7929 9414
11514 14026 6234
6439 6136 10172
1908 3505 10362
7973 6563 4372
3963 9907 9972
6863 2349 9633
10655 3826 14864
10363 10603 639
13136 2661 14466
9034 11310 8857
14237 1367 7989
2951 9840 9274
10156 10116 6668
6471 9842 2402
12697 4329 13148
12748 2000 13257
1867 4975 8711
1458 14399 6916
11044 4410 6870
6991 6302 7009
7675 7191 9452
13165 8793 11172
3325 1713 11853
2598 7203 7934
12786 4069 10015
14463 5964 7287
4257 6322 3811
620 6957 12444
11175 12015 5851
9928 3680 12666
4422 6565 13364
3339 6215 4544
11705 1289 4699
10005 5284 13223
9019 482 11064
10395 492 6374
1756 10805 1955
9116 9934 9499
5605 5681 5120
2739 2511 12659
6791 5826 11741
6764 7238 14697
14468 5620 14960
1428 1062 6259
9084 13729 13130
6539 1007 1928
200 3020 5300
11853 72 13566
7059 11097 8415
8074 11414 6315
7226 3030 10874
3111 12967 3833
1875 14429 13906
8336 6651 7977
14773 1065 5642
6434 1186 3881
12152 11729 14884
3148 13746 12558
39 1572 5498
11000 8543 1687
67 14508 11926
4395 7734 12360
4018 9031 5276
6850 3140 7042
11262 2432 6201
8794 2029 10571
7925 7690 6627
5412 3228 931
14557 943 5597
12597 11913 10873
10852 14176 6695
1611 2430 1443
9898 12383 6295
2719 2232 527
12973 12287 2796
1984 7316 14150
2312 10597 8823
10312 7834 14171
14026 12312 10459
11420 11526 9966
8635 1837 13106
5454 12370 2726
11045 10751 5301
11366 10983 12666
883 12043 11237
11581 545 11790
7012 14285 1390
251 13214 14281
3527 7246 6551
4629 79 13700
7695 10157 11454
8708 7602 3850
14199 3826 6392
14153 10603 6861
9405 7541 5431
729 3651 9299
5309 6770 4479
6832 5050 7302
9554 6447 11924
11428 11416 5873
11187 6714 8983
5217 1435 13495
812 1613 8896
11486 6726 9061
339 3783 2805
14405 12082 1734
9591 429 11264
5935 5281 6443
3276 10251 2404
14276 1715 3161
11088 6418 6063
14932 13229 1362
6819 9712 1146
12385 10090 13475
14163 9825 8250
14722 13687 1745
9034 1782 5883
7974 4549 1125
8253 13822 3527
9114 8294 3069
10329 5335 6876
11283 13251 317
7707 3780 10806
5044 14935 14828
7045 5215 9653
5247 934 1460
7997 9634 6387
11841 14166 13493
12833 12499 743
7976 1469 12915
8585 569 14389
6378 4617 8834
8942 12046 2370
9856 6603 3694
14858 13069 6844
8942 8454 13289
104 2386 13766
5654 571 1730
3029 6420 6887
13457 13938 7688
11311 9236 10561
12128 13240 7855
13522 14050 13571
9131 2079 6741
5785 3193 8560
8957 541 4760
10970 4173 12599
14682 2995 9811
9661 207 8965
11379 2096 729
11708 3266 11800
3791 6331 11832
1683 2205 6
13236 11395 3123
4988 3945 7102
5475 10079 12380
1376 8502 7802
6835 14801 546
9349 8577 9556
5609 9234 13492
393 13678 9323
9121 9127 13099
1390 11669 2575
7330 13276 994
9679 8083 10290
11692 8181 2713
12977 13106 5018
1137 7827 5136
14070 7992 7138
14229 9433 983
13862 7868 13745
1275 11325 12943
7514 5243 12597
12667 11617 117
1623 12983 4416
21 9902 11203
1683 3259 14173
12596 9167 11865
11963 3198 10139
9448 261 13401
12420 14832 2546
4249 2583 7068
4823 12971 1677
8889 834 8133
12808 9410 4386
5580 11752 11782
9123 598 12371
8634 13489 13677
13167 11297 6553
6189 5165 3776
7572 8953 11404
11427 925 11776
4962 13798 12893
9261 14541 9675
1261 5738 6926
4725 14819 2950
4285 211 5763
5310 9060 1729
4262 13199 404
11459 8396 5348
983 14688 8302
7907 5554 3332
13736 4226 4643
2477 7414 11986
4215 13160 13422
5606 7020 2909
10377 8654 13945
6941 14278 2562
4487 5018 13282
12117 14346 2888
12324 11796 10340
9427 10975 12113
13267 1677 3089
12591 3482 7493
1159 12370 14333
3769 8468 7576
5453 987 291
980 9346 11229
12379 3522 10468
11679 12424 8666
9421 3405 4195
14038 3140 5163
6356 11098 4313
452 2005 10796
2813 9561 2603
1682 9866 10883
6172 9035 11765
12111 11988 12895
3019 12249 829
12235 2001 14705
8036 6891 7638
10302 10178 12405
11819 10029 2860
14511 7405 1590
1203 13179 12058
9799 1408 10385
7812 13423 2365
5026 13259 12132
6026 11809 8416
10340 38 8205
14157 5618 6406
8468 7573 5105
4690 7880 220
8226 5621 13900
4468 7571 3797
1920 11209 6146
2879 19 13935
13124 14871 10643
9111 13341 764
5476 7017 464
7486 12048 5210
1494 1031 1050
2673 4823 6586
3232 13754 11806
2616 8711 3889
10266 14352 10013
9923 732 14680
2453 1523 814
1795 6188 39
3686 112 5715
5204 3015 10769
11 1592 1038
14708 10617 10322
14658 13880 3251
13035 2368 6878
2746 8536 6897
11020 10667 10952
9108 8222 13228
4120 7836 6001
12545 9973 2764
12257 9857 1691
13358 4699 5542
8519 7075 5792
10307 6902 11782
5538 3622 12786
7802 6932 1894
2564 1412 11509
11685 11346 7196
10363 7121 9362
7358 2018 8591
2075 6622 10163
3930 9630 13396
10681 3911 11849
1722 11373 1629
1176 4287 7579
4008 5612 1808
13306 12262 6963
12021 6608 3948
3151 5203 14002
3416 12606 14524
502 8933 10777
2585 12133 6899
2924 1500 13655
7135 12299 212
2985 14604 4953
10913 4301 13836
7021 5237 9131
11997 3244 10081
1961 10226 11293
9622 6565 8577
6548 11390 1960
13919 14828 14010
6377 3959 980
2911 1283 12242
4666 1256 12669
7307 4122 3389
9133 5525 9864
4957 1992 984
11741 4209 3260
2285 12051 3336
2965 6429 11135
14216 300 10361
13003 8672 614
3836 1486 8795
6691 4128 8828
3529 4816 13956
10628 10986 4675
4893 3160 2686
7065 5879 8280
14213 2979 8989
7278 4501 9618
11538 1486 9162
5214 5379 4909
7184 12742 4339
13317 4925 6917
10225 8238 7942
5740 1837 9205
5914 7634 14395
14355 2674 3839
13212 9446 9728
10123 489 1054
212 9060 13127
4628 8012 2375
3289 2656 7922
11516 6021 4237
9905 2863 4997
6345 10687 3960
7706 2863 4402
104 13454 12718
14517 2048 2786
6245 12147 11114
10905 13791 9847
11926 10056 14162
8431 13481 13678
190 3667 4828
9466 14415 12941
13618 12124 13948
921 7224 13554
2643 12715 12907
1702 10888 13977
7220 14832 2070
12451 7527 4544
636 5136 12925
10604 5028 6467
11318 5018 9959
11498 3021 10506
12720 5590 10699
9423 8165 13135
14585 6675 14662
9904 9102 14125
1862 11493 7341
3314 11942 424
13414 134 3811
4466 13374 8494
8354 4555 3121
86 12684 13009
2889 1062 10730
14245 8701 11877
740 11777 444
10900 5905 9806
13141 7920 1554
315 11649 10710
12435 12501 812
1247 10055 4648
2956 5657 2400
3218 14274 6741
309 10319 6353
6956 1323 14692
3038 2357 8103
14334 3670 13212
9429 10577 11638
2098 732 12787
365 3398 3117
4731 14831 11473
4276 4654 10405
8897 3336 13297
14367 3790 3202
10171 11591 10336
11951 2967 7189
2925 4607 5702
10982 12847 11037
6004 6193 14058
13879 9691 9240
3100 8598 5754
10369 13331 2157
7474 8040 5873
4194 5938 2438
30 10144 4043
1456 10351 4836
8407 8539 3465
4247 12426 9878
6654 5799 13368
3148 5599 1281
12414 13727 9161
2046 6335 10690
4771 7251 11414
14597 7251 12349
14832 12317 10257
7395 12332 14807
11375 2560 4941
11627 14247 3704
10636 13885 3641
2490 2580 14869
5425 11707 14803
3358 1174 10552
12729 7311 5511
12588 13452 9343
14048 5465 8873
8924 7701 8867
3889 8249 10371
3874 9631 6737
8729 7656 6779
2182 5087 13886
9067 10316 1037
14566 885 14259
4083 611 3645
8710 7188 6827
90 12995 11787
3986 8225 5890
951 4699 11192
5030 1631 7895
11470 6672 13325
6596 1854 2256
11471 14041 7733
3839 9864 12070
2253 3338 12203
909 11474 11065
5163 11547 2746
12928 4477 14621
7215 5182 967
6022 5666 5085
9347 6581 4539
2127 10965 4940
5172 7054 6070
417 6423 4152
2118 11551 6584
4994 1510 8560
4294 2634 6756
3568 6759 11959
3568 1099 2202
12333 1636 9393
6413 13849 5718
6237 2932 8331
5681 14627 13571
5493 10921 7685
13675 13830 11551
5005 3685 9542
10027 5984 6755
8010 5865 1506
11823 11676 9718
2918 10803 3304
14986 7663 2034
3805 6148 8885
8214 12034 2757
14643 5002 9780
8153 14435 7111
5678 12417 7638
14683 6478 1673
6478 4990 14658
5785 5210 8466
4971 13487 13047
13106 8193 4149
10643 8270 2423
9639 12153 7644
5441 3272 5694
8789 13413 6205
2157 1825 14106
9386 10093 13733
521 13544 11884
9184 3759 2736
11555 4646 5714
11534 5688 2236
831 10619 1465
11476 8952 3073
8960 13096 979
9874 5130 1192
13110 14103 14014
5730 2812 9808
11496 3799 3736
10724 14680 14024
9540 10001 3955
11030 14052 2405
858 5662 9257
6432 10041 4412
10228 7952 225
1258 6038 846
8854 1740 12409
11294 14923 4391
2958 5188 2172
11911 14103 3040
14371 1222 11340
14559 13980 11826
4396 8280 8158
3950 7013 14247
2549 12248 13851
11211 9449 1304
11330 6039 6447
8742 4108 5111
10404 12 13854
1531 12764 4916
72 5561 5633
1430 9154 362
8037 10172 8327
2035 9675 6707
9869 3456 12249
6231 3650 14289
4482 11750 1636
528 3078 11812
372 2013 9747
13437 10685 14109
14378 12246 3437
9911 8713 4456
9186 9692 1540
9333 13226 5980
3093 9070 9935
5116 11883 3404
10249 5321 14435
10611 6744 9531
11650 618 8983
3042 9303 9011
5710 14712 10803
5879 9947 6780
2162 11581 11781
14985 1738 6774
11115 852 10808
11482 7858 6562
10794 5350 2957
8539 13794 1825
10969 7098 14745
2459 2721 9609
5673 14288 11793
4591 2777 14065
12768 14193 2941
2415 2448 8019
5975 5833 4248
4048 4270 4753
12582 4157 8543
3454 7564 2823
3940 1684 9679
13265 7271 11913
12619 14238 2105
6293 3041 4246
1935 3360 3800
6036 14877 8405
9687 1178 14778
3319 13825 11290
10222 6724 8212
2356 6067 12145
9476 10667 58
5535 4383 10334
12165 111 1537
1116 12766 8259
4873 169 484
9673 2620 11241
5104 8054 9755
10243 10982 9431
1257 2244 14209
5809 13166 10476
2524 4025 14772
14780 13114 2163
6498 14152 2915
1039 3699 7703
12000 1642 536
9813 10603 8859
14132 11778 11097
19 11939 13945
11575 2556 409
10184 5895 10229
7336 2039 3309
1382 10909 14769
12801 5172 4673
5653 7887 1703
10282 11879 462
5668 1495 1900
5152 6389 11753
8736 476 2622
12693 14914 12121
4389 11564 8064
3930 8315 3202
14554 2697 10543
11688 8509 4833
2153 6810 11732
13241 325 11430
10941 7778 3060
9149 3632 13597
6491 13241 1851
13492 12144 1422
2004 12750 12046
4318 3327 13742
13590 9470 1134
3740 8011 1777
9611 2747 11264
3367 5060 8533
8088 9417 6753
711 9959 10674
10263 11337 2410
13052 6182 1682
4585 10182 5720
12155 6854 11509
13593 8841 5196
14078 2355 8499
2214 14407 14668
2415 13274 2588
8413 4018 7318
12462 1107 6955
14215 2648 1123
161 7526 1928
1679 12220 2102
62 8733 11543
10129 13599 2175
2655 5937 2159
10324 5716 1710
5210 6827 6036
6422 390 7321
9660 2485 4769
186 6334 12793
14309 12897 14754
14130 406 13625
1740 525 523
12055 408 9349
1600 6445 9173
7697 9874 4759
8894 1416 5818
3145 1533 9591
4316 9055 333
14506 14003 7828
4238 4711 7222
12220 10861 113
6651 5655 3650
11228 8450 6266
12888 10283 4026
2054 13423 7001
8634 14908 4467
14550 6948 13798
5960 3647 8101
11148 8769 14342
858 4267 12228
9167 4431 7470
5302 2795 9763
6911 10265 5621
10704 9010 14931
1539 4905 9449
11257 6840 4155
13260 14483 9266
11180 4388 4936
4859 11451 2870
2433 13005 2130
8995 7599 12658
9536 11868 8355
9804 13708 11803
14938 11152 1946
4765 6956 9312
13379 11917 7604
2939 113 10786
4758 7583 1386
5937 2673 2824
11018 1768 4519
5132 5902 6369
2412 6028 605
2622 10007 7036
3108 14869 12476
12439 5575 8411
5163 13575 753
10863 14911 3936
6663 13747 7103
7234 10427 12273
9397 2576 8007
13276 4711 6124
5313 6554 2297
14777 9220 8582
10347 897 3393
5463 14474 6235
2985 8598 2555
8744 2905 9954
12251 2195 12172
1958 9023 1587
822 9162 11297
6412 5746 12344
11084 383 7399
9743 6152 4573
4047 12053 3867
10235 5270 1111
8017 12341 14082
13971 6621 5665
8401 5670 4599
7532 8318 4990
659 4645 6971
1669 5602 4801
2088 13653 6943
13670 13082 3398
4950 2850 14340
1335 2453 10202
1656 1795 10631
1469 1470 7548
10560 14884 6318
9644 12213 13264
14287 6901 10082
3570 12017 569
12335 3758 6100
6158 4937 2546
10891 657 13414
3193 6777 5886
544 3388 3647
12418 6848 246
3484 6179 7662
7546 8576 5454
13593 11520 7906
12835 10259 13728
6878 819 9094
10672 12617 4268
9912 1249 8895
13167 7465 10698
11889 5928 2259
10048 3959 11946
3359 12078 8451
9385 5207 860
11610 11338 858
1012 10820 11003
11677 6906 5168
9724 14712 8252
1700 8207 6097
11164 9103 537
14379 7712 10467
1485 7987 9746
5421 6521 7720
11867 868 2724
1855 3147 14829
1228 13254 6821
11358 14284 9448
14584 7153 14315
10348 1707 8702
6205 3530 9172
8991 14031 10141
7192 14355 9885
823 8855 10837
10728 7489 2348
4715 11722 12148
13092 4399 6997
757 802 3886
14611 10463 10451
3003 2125 2843
5331 8270 12699
897 5991 2643
3999 7468 9567
4609 7257 459
6765 7750 748
9020 13522 1741
11151 712 11534
14377 13410 8265
7791 9911 2443
10957 11722 2103
12207 7047 11079
2381 432 9772
8542 2424 768
668 12519 12576
11013 4432 1991
103 8360 7899
2875 5485 14253
8021 9607 8186
2760 2271 179
102 7594 4717
4451 9852 8616
4148 14960 2988
7078 14140 4360
492 9722 4404
6635 2791 9569
4966 13396 5654
12838 5605 12595
5174 6 5800
14867 10591 4940
9146 1209 10072
2853 12530 5969
7761 359 3882
1752 556 11713
11795 13818 8615
11558 4589 2282
8199 400 9110
9949 14677 4949
3502 7228 1179
10845 7060 3381
5923 1815 14006
6145 2478 6998
13655 10912 14994
626 7826 13679
11982 1703 7536
10169 9952 2780
9138 11854 14669
6338 9252 370
9023 9067 14776
12466 4309 7121
8610 10607 11791
13680 9157 3526
1671 1391 10107
12435 11775 866
2766 12278 5897
6686 13073 9046
287 6488 1451
8951 6876 11616
12415 12424 8430
13703 11320 13334
5389 4352 11966
2706 2030 1490
7718 13615 7283
2785 14507 11334
14747 6042 7138
14635 1119 504
6691 12314 9229
12180 1138 11024
3977 10889 1730
11557 6260 11430
1992 9249 7868
13533 3071 10434
13976 13748 6356
11279 2316 172
14386 4426 4810
2714 11718 3631
7830 9373 7538
3818 10396 9899
10190 8547 5390
11519 8236 2504
3080 14286 8035
14318 5919 2463
5482 9810 4157
4747 6678 5185
2731 4496 5585
11241 13473 7179
9882 11288 9578
9196 11227 246
3888 10384 2095
3393 10801 5892
11601 3828 13692
12257 3293 216
4436 1630 5080
12726 11963 13971
4842 5293 10096
4112 2605 3243
10879 2944 4371
2792 10994 10832
11897 178 3360
6192 10597 12848
3343 9859 1200
2823 5314 3035
1092 6297 13629
14968 1628 273
14480 7632 10509
4228 10087 6569
11859 2874 2499
7412 7720 10681
14272 11343 9731
1737 8984 1832
5765 1117 1175
7522 6075 14745
692 10703 14758
10872 13043 796
1208 10793 6811
14655 258 3194
12231 11136 1959
9851 2025 4559
2386 9328 12831
12007 2887 11737
4374 2147 1216
607 9051 6381
11986 11655 13960
11497 2004 12416
7253 6273 8757
4149 2099 1398
68 7186 3021
2671 8200 12476
14676 13197 6777
14622 8590 11498
10079 6133 5305
8839 736 3248
527 13717 8569
6382 7376 3713
6238 2001 2666
7388 8092 334
4855 13943 8634
10933 5132 4960
6826 4678 11760
14670 3702 13426
6165 7235 10990
14813 6935 11217
2057 8672 280
8210 5989 11885
6047 12793 523
8406 3643 10585
11914 13170 4554
5177 1348 9768
1548 11884 11497
2079 904 13431
6653 13806 6239
14896 8138 13246
11712 13106 14437
4497 5937 7281
13147 12760 7909
8863 5440 10564
12461 10314 6493
11075 5239 7025
7844 6240 7254
12643 771 11709
5422 5642 5518
14467 6292 13471
6523 2918 1505
9653 12582 5084
2732 13010 13507
2532 218 11846
8381 4531 2717
59 11107 12070
10289 6111 10829
12974 6535 3913
4273 5046 10030
5665 14533 14280
14127 7245 7543
6138 7791 10490
9247 1839 278
11969 2677 14045
14586 9224 10589
7428 5078 13359
10794 3993 14906
9747 176 498
13339 6942 13262
12911 12826 4052
821 14980 1179
6572 14065 3782
6944 11038 11218
19 2018 11733
4726 10137 5446
3105 6425 7975
3258 1599 13795
11879 10448 278
3047 1339 10663
1082 4469 14776
106 13161 12166
10086 1922 5832
12033 14048 11128
4055 7146 14384
5152 11878 11320
733 10060 1597
14325 10924 668
96 3435 724
2182 2648 4396
4685 4279 7396
12016 10273 6417
12586 8484 3876
13526 10142 4806
8711 8890 13648
4493 595 2289
8063 7729 13543
12320 7532 11123
2609 8624 4170
8524 12183 9078
4195 9214 5447
1681 13523 12635
173 14346 13473
12807 10654 9991
14968 12924 2304
5593 5050 7100
1078 6302 11262
4582 14914 3300
14930 11871 12764
7563 11765 1921
7072 12201 3845
2963 10250 8679
319 6923 1328
4070 8265 1650
13190 12543 1393
12710 14807 13107
7514 4725 1984
14912 13209 7234
3030 6557 1747
14790 9242 3515
4716 10731 5824
2850 157 7913
121 10224 8297
1352 13865 6515
13330 12073 14454
5607 920 6707
3220 4175 10105
14969 2010 10606
11304 1504 5993
14550 12679 7241
13258 4911 3815
3149 9529 2079
3537 5644 8542
2521 9672 3883
9491 3207 4699
5860 3396 6312
3966 5744 13634
1777 10051 9011
7752 14620 4798
10381 9540 11118
14371 13257 7851
10566 9384 3552
785 11906 2793
11029 4536 14158
8465 14179 5314
14115 691 14837
7298 4401 3450
9453 12633 6661
9663 2536 7652
6034 7925 7387
5139 13930 7484
13106 14345 11806
13999 7214 9894
3785 2378 10769
3279 3178 7001
2193 10221 10532
12499 12195 8735
7125 3116 9642
13494 14009 7814
440 2308 8857
14185 9080 2395
14680 2167 14455
2965 4396 1510
7520 4733 13669
2489 8263 12051
2986 3361 206
7006 10626 1979
10416 14830 12377
7781 6993 6597
1154 11137 4639
2738 3541 1042
3404 1345 440
13502 4198 4910
3131 6486 13695
11339 13113 10446
164 8947 13868
8126 3125 7300
3665 4701 1508
211 11152 11804
120 6031 6796
372 2638 5991
6314 64 12025
2784 2055 470
5914 10903 11522
6776 7334 6004
8045 12135 6827
10091 9727 4917
11050 3529 2364
14851 3651 5811
12526 6594 11610
5304 13255 10283
1542 10496 12835
10253 4928 12459
6494 1188 904
10233 11974 8305
2877 10501 9744
3405 3027 12815
1310 8779 11911
2007 7592 3748
724 14427 10416
383 2964 13072
8419 9688 4287
5244 14488 14028
10419 2804 914
2701 8462 1956
7773 13002 8016
9207 5593 2291
6637 4059 14006
2288 9168 576
6724 5317 8399
5444 14144 3515
7667 4772 4101
11429 13121 7872
9739 11294 2163
8839 3305 13957
12288 801 14481
12400 14880 11342
13255 2394 7658
14588 14215 9916
17 9025 9255
6185 11575 11670
1322 4855 3171
2850 14090 8089
935 9559 13657
8805 12013 11307
1350 10946 13495
9625 2162 5833
2486 6378 7816
6436 1771 11484
4906 1674 11379
2070 12734 8043
3450 13677 14957
7824 3338 9686
11792 4013 7784
4758 9741 7994
11625 6934 11294
8660 1606 3991
70 557 7866
13052 7158 902
5204 13519 5618
9888 12910 9388
13346 8555 12247
5082 5532 6324
5752 8615 11867
2538 10696 1904
3471 3512 1169
10070 417 9092
5569 9845 5694
13092 9494 6117
2718 4924 3886
9649 13609 9523
2527 8386 11726
722 14312 11050
7707 8923 13659
8425 11818 7729
7183 9523 9375
10782 8662 12267
11539 14318 9394
7511 1571 6537
9639 14717 1737
10624 13860 5883
13105 46 13758
10293 9688 11248
14730 3262 6102
4173 10186 11338
5397 179 3898
13914 6089 13411
745 8842 11655
9646 1504 13305
13371 7942 3561
11979 9139 12026
3265 11235 4521
8408 7457 1140
2235 3876 2709
2510 5790 11370
216 4582 12205
3709 4067 8808
3354 13926 11087
10630 7750 1802
919 7711 12881
562 6574 6576
12500 7304 14163
263 160 2081
10908 3205 10196
2565 943 3887
10151 1297 1254
14576 10895 14303
14291 6939 8541
5750 3155 2838
14679 3342 9956
361 13850 622
3814 9803 3559
7492 3239 9391
11381 3809 9797
3533 12783 14646
453 11431 5764
2250 10378 4135
4741 4140 2802
3711 4537 2101
9715 5894 1572
8858 4748 5917
3841 8818 4755
7096 577 1042
2517 10983 13610
5288 494 7272
14776 14588 8597
10890 7603 3207
9527 2229 8680
14054 6633 9212
5498 12925 2994
10388 5524 11646
11762 1883 6281
13854 1694 8467
13265 700 4899
2224 13608 6247
9038 5413 9463
661 9308 4106
6375 14103 8543
4894 13780 6808
12542 1068 1677
3781 13241 12230
2183 2058 7179
4167 14041 3353
14705 13090 14509
9702 5087 9904
13698 8178 12623
504 14887 5983
6522 2393 13770
12616 5369 4830
14570 8107 8857
4280 902 12859
235 883 13905
11050 8569 6257
14072 1881 2260
12988 3071 13266
13792 12347 4035
6038 7588 4555
3007 13767 6927
14576 8707 5186
1827 14467 7168
1155 1638 6586
6659 7198 1954
5359 7849 5891
12474 929 205
3138 9651 12383
