1000
2694 1833 770
1879 2186 2165
2572 2529 2488
2291 2899 1125
2733 1659 884
1882 2257 1475
706 97 1258
302 384 2354
2123 1088 1782
134 2460 2444
178 356 695
1686 2627 1733
1661 664 324
1028 2622 1916
699 209 1781
2970 1117 168
1147 2195 838
1063 661 2854
238 2503 1200
2413 2169 1127
392 1393 2643
973 1580 1186
2090 2846 1710
1725 783 297
43 2303 572
2063 730 2075
2531 1835 2941
1500 1945 2843
2214 2482 2025
176 1520 37
1942 2239 259
1348 1064 256
2187 887 1
2923 2458 1434
1366 1349 1453
1271 411 812
1985 585 962
730 2449 1174
1287 1871 594
2602 1020 1663
2755 1028 732
2856 2768 2746
984 618 974
376 859 2762
559 1480 1070
1913 995 1225
2855 1820 2173
1012 2347 1492
1706 725 1440
1792 1830 472
1175 2448 266
1973 2969 1049
429 1863 884
1250 2012 2587
18 1313 1773
489 765 1727
1944 1207 1234
2336 891 1683
2083 1551 1162
2160 907 2095
527 2874 1665
1169 904 1591
2091 535 1763
1519 1480 2528
2192 1062 1567
2906 2001 984
39 834 1830
1974 212 2155
2714 2479 1725
1488 1105 860
2541 1459 2441
2449 243 700
680 1043 1718
703 2186 2595
2133 315 568
1177 2414 1842
1719 643 1287
690 2916 1377
734 2926 566
1638 2887 2044
40 2662 1740
1869 437 44
787 545 1236
1586 1417 2528
849 1265 1391
2137 872 891
2448 908 271
2483 1772 1632
433 341 2575
209 2242 842
85 813 1007
1017 1521 1462
2103 1750 1774
1694 996 1117
1098 529 916
1881 2470 10
2486 1187 2201
1591 730 602
206 2981 1023
219 519 1902
375 1964 2119
2251 720 104
1647 960 1135
2176 1062 164
2787 1613 490
2227 438 1263
1150 1731 1901
2674 870 533
67 239 1975
2670 2775 1025
1077 2512 1388
1783 558 1732
2625 745 2553
2863 697 2305
45 1356 1314
2023 962 1155
1974 801 2723
1109 2308 1111
2285 2392 2063
2140 1655 210
2969 456 2253
2314 195 2578
2056 1153 131
1147 2221 641
2277 1472 738
202 1114 88
793 154 2910
865 1558 16
1106 767 678
2527 78 1386
2662 43 45
2704 2067 2983
900 2033 1827
2508 1790 1688
974 1778 837
303 771 1451
1268 1923 412
2756 2716 927
2056 2423 2666
2629 1466 170
1054 583 1985
381 2247 1380
136 2245 2558
2109 571 1791
1650 1626 2710
1486 246 878
712 2195 2286
2372 1174 1320
584 530 1716
1892 897 2188
2941 2202 1062
2617 269 189
841 1878 2705
1995 2461 316
837 429 2767
2624 1300 2117
1816 2917 864
2622 449 209
2878 2119 2852
428 78 1354
2839 1920 1030
1396 202 57
1993 1518 2480
2174 2345 2556
660 1598 155
2798 2713 1635
1896 1464 2399
1853 2157 194
978 281 2143
471 1160 729
1690 2908 1782
2749 1688 503
2747 635 499
1094 934 447
1017 179 1360
2080 38 151
2175 225 1111
400 2399 2080
2993 813 1677
60 88 2331
79 2715 776
1188 1405 2856
2574 2544 1313
626 716 2387
211 2702 2921
1064 2070 2293
697 1426 999
592 667 139
1540 1049 2567
2432 90 929
2807 847 1828
1845 2025 735
2570 2214 1139
292 1781 2234
2978 1915 1863
2652 12 1374
894 1487 2730
2467 2513 981
1919 1261 375
1529 580 880
1890 644 876
1108 734 990
939 1889 712
2720 2430 907
2441 1823 1380
2662 2130 221
2298 2331 1
1981 1707 36
1493 2775 2925
573 2834 14
2565 88 887
1205 940 633
2870 2951 1651
925 283 186
586 2991 254
2153 345 1272
1292 2121 2651
36 192 2767
748 2548 339
918 991 2102
2738 2189 1798
1277 251 2451
2412 1786 2521
893 2439 2546
1257 1910 590
2191 2476 2273
2290 1613 1279
1152 2473 2492
2251 2278 764
1558 1302 251
1108 1985 1409
2369 145 2774
1516 1128 272
2661 2385 347
251 666 2914
2120 2182 381
989 1448 1338
1066 1316 1567
1571 2391 447
2932 2031 1867
700 490 2880
1697 2325 2667
1957 2267 1843
2774 2686 764
878 340 617
2487 871 997
739 865 2338
2786 411 1410
2 269 1900
2437 314 678
2295 2697 2395
299 1356 1647
2574 428 377
108 2607 683
2946 1327 670
1923 1750 57
203 2288 476
1202 945 1950
573 381 1004
662 2260 1037
344 747 2003
2524 1017 212
2538 2234 2588
210 912 1964
2166 2091 1209
2578 2863 2742
19 1522 196
1929 1252 1182
2412 1305 336
2402 2037 1613
26 2254 65
640 646 1901
2437 252 284
1660 212 2556
52 877 307
438 215 2966
468 789 1020
2390 1850 2585
867 366 1132
2817 898 1137
2097 1616 2463
1956 2302 122
868 2898 1658
2078 889 1348
1265 2031 1215
295 2921 2105
1209 680 1616
1065 83 1355
1997 1076 1656
1007 1419 2639
1505 891 2193
621 1144 2876
2714 477 565
245 1624 2260
2177 1816 165
1059 23 2381
289 2259 2600
1561 2530 2035
2785 2033 1384
2913 2691 2693
98 1509 1956
2703 964 641
1529 2984 273
1303 1355 64
1994 197 718
1267 550 2194
935 2990 242
2139 1924 881
1426 2192 713
1511 804 336
1746 313 480
2252 194 1089
1943 2380 1446
2898 1080 1642
670 153 934
1684 1732 2295
76 1045 951
1511 2663 2877
2113 1713 972
1886 851 1022
1470 1842 2355
1179 9 770
2720 1834 527
1068 2379 1229
2236 2888 2365
535 2017 505
727 296 1691
2705 233 1198
2010 166 1382
87 1790 2352
2352 2002 633
1828 293 2742
2596 2062 1380
353 2096 1667
2879 55 1517
2130 2718 259
2186 2608 2474
1796 1467 2654
2672 1020 2194
1230 2008 2663
2171 837 511
2771 2108 2088
2455 2949 343
2605 2707 2622
2965 2875 1802
2574 2653 1530
2333 1634 1735
997 1385 957
2047 2293 290
2129 21 2272
1327 1148 2847
479 1507 819
1969 2552 1306
482 2287 2015
1479 989 2118
898 1260 2496
2298 2199 2229
1612 682 56
2423 2261 1544
111 1754 2820
1820 2903 807
1739 1953 2356
427 1101 459
2026 1193 2442
2624 1109 2497
1396 2121 2374
2692 2793 737
137 232 825
2340 2703 804
95 2131 2668
2208 2616 1997
1799 2047 43
2376 429 2101
1327 1227 2774
1484 816 2048
2248 2231 1342
2918 1802 49
1853 2523 891
887 655 2856
1919 2629 237
615 661 2887
392 318 2836
891 2963 169
932 1002 37
566 2395 2156
1346 2259 1838
342 1230 2109
87 1377 2267
1422 130 2135
2662 320 1324
502 465 1612
1399 1668 728
1415 1281 392
1696 168 2577
1627 802 2193
459 2668 514
906 2753 2473
519 1271 1716
2503 26 2539
1347 2797 2632
1901 64 272
2546 756 595
2295 808 2531
1849 24 1461
262 1170 926
2904 412 2591
1615 2521 2485
1376 425 2315
2891 1077 597
1037 1864 2371
2374 2409 2951
1574 2442 238
2596 688 2608
829 869 407
787 2433 157
1525 893 1600
1844 1073 1321
978 1131 1217
598 228 2787
2917 2793 2005
806 1041 1583
1925 156 1794
536 274 2330
2221 213 1437
445 42 418
855 511 744
1808 446 1103
2345 2198 1763
71 1955 2768
385 732 2051
2455 2692 2531
2745 770 2170
2125 8 551
2931 1928 727
1596 673 2719
717 1120 2619
1984 421 1676
2705 1776 2285
1301 1900 2668
1976 2520 1402
2457 2276 591
1716 847 2860
354 963 2949
1138 282 424
2996 1429 2176
341 2753 2939
925 212 1495
110 410 2912
2171 2899 2904
2373 497 976
2297 581 2384
2930 1673 985
1158 2039 801
2105 1510 2440
371 269 307
1492 439 2226
2683 978 101
57 49 654
2552 2332 261
721 1459 1989
553 2051 1783
733 1140 719
66 1990 863
1384 1705 1140
2755 574 476
1522 382 2389
739 2882 1327
1024 2111 2752
1699 1735 1653
1225 838 2253
2092 1014 194
1 436 1850
1578 1076 708
219 1215 2049
1860 1287 1579
617 2358 1568
2594 3 1706
1700 2770 2608
2961 1083 1813
2013 2147 1394
1744 344 1572
2563 1118 569
1244 2257 1722
2518 1226 1272
1781 2604 878
2021 70 1681
490 514 841
1866 2991 1462
2052 2501 593
977 638 2647
1811 1968 1042
1406 413 2737
1312 405 2109
1412 682 1117
2674 2001 1342
1822 2639 384
905 2388 267
2535 2018 2019
2618 137 241
1890 1571 2761
400 2635 2259
1966 2317 1348
2673 2233 764
905 452 2342
1422 286 2488
1150 574 2528
271 945 867
924 1541 2026
2188 2060 1270
254 119 1151
1329 1346 2537
246 1927 929
1787 1983 41
2895 1790 608
1002 624 276
2084 1472 702
610 80 103
1504 1489 365
2468 2966 1480
1195 572 1480
451 2398 2041
847 2769 670
708 1048 1185
1736 1145 314
2612 2336 1246
2302 2943 2285
780 261 1013
767 2053 1586
741 418 2626
2801 2004 1749
2762 1031 1412
2908 625 1238
31 1105 1748
934 1859 607
1641 2315 812
1315 159 1417
1159 2764 1770
274 384 690
1887 1817 2859
1544 716 1540
2063 787 257
1970 586 2024
2344 2755 2880
820 247 1674
228 1776 2490
542 383 360
2061 482 987
2678 1970 448
2385 1926 2958
984 2311 423
2618 2183 556
554 1577 2072
1780 2940 257
2010 1970 1944
339 2227 1465
2904 1903 375
2595 1764 1735
1273 1603 1070
1644 431 2351
930 894 2670
2724 707 2400
1953 2220 911
379 1212 2192
643 1716 2080
1550 1365 1945
2166 406 1538
2344 2634 1848
2880 1997 119
587 246 2643
1293 1689 2060
2986 667 1472
1636 555 2507
390 1185 253
744 2255 1577
1826 2195 202
2200 2431 2419
1708 394 2570
1595 1924 2147
1045 2334 661
1923 1297 1419
404 1126 271
602 2821 1774
2511 2581 1444
1445 777 832
1965 131 822
980 1790 2530
438 546 85
2595 90 746
321 265 79
900 1247 2401
2565 817 958
2933 647 622
1625 2164 570
308 1274 3000
2364 2482 942
2555 2838 1557
1541 2016 746
1008 2574 870
1966 2076 1082
31 381 2602
2563 1875 900
2742 121 2591
2929 451 1422
1417 2800 1241
910 82 2889
2002 850 2127
2534 2928 2846
2161 1269 684
1550 1833 2934
1110 196 2974
1906 2515 722
1675 1858 110
2320 747 1828
2503 2945 1370
2808 2943 283
590 743 2609
1828 1627 2889
1723 700 1833
1289 1854 2438
2429 476 823
1285 1644 212
705 1385 1648
2079 2728 842
866 1468 2468
2156 2475 2071
2013 1885 1797
1953 1658 1378
1397 1608 2586
1110 2726 366
1231 2060 1421
382 85 1803
1706 2894 2189
178 1275 385
2400 1462 2918
1015 2739 760
2113 1880 1713
1561 1825 2451
1672 569 1265
2704 443 1026
1382 2629 2506
218 1141 520
2938 659 575
847 1113 2183
941 2249 444
114 2251 1121
486 1742 1010
707 1561 917
2964 1335 1483
2730 987 994
2864 641 1060
2372 2664 406
1871 2172 2052
2259 2066 2065
2504 130 970
2728 2448 964
546 145 2064
876 968 842
1400 759 2599
643 2715 1886
1851 843 2817
624 1060 2315
1469 953 809
2963 1277 1948
384 396 2003
772 2941 2655
2797 2141 781
419 2519 1964
1930 1649 2363
64 2264 835
2632 1484 378
1813 2300 1490
1663 2115 1825
2714 1472 2242
1374 1165 2092
1592 2143 111
1566 2122 757
1628 2895 2167
899 1750 2085
2273 2072 1974
2315 2427 75
2870 2897 992
1167 2444 753
2160 191 2942
1900 348 2469
1695 135 1821
2860 1312 1750
152 2695 2769
590 260 1112
703 2570 1796
566 1525 119
1229 1232 2608
59 1689 150
2352 1335 2779
641 2841 1375
2678 517 270
2075 2044 2481
1039 1155 2121
1802 1364 850
2776 2398 2985
1764 868 525
1409 495 1371
1232 2931 2895
61 1811 1996
218 2516 1965
1352 37 2708
1150 2478 123
126 1660 1015
1406 1917 313
323 2920 1046
2721 1540 861
1892 87 901
608 1714 2006
286 2754 1018
1978 462 2292
2042 89 2695
89 1513 1405
2436 41 1891
790 546 229
755 1028 2474
270 660 90
655 512 432
2510 2086 2292
285 1011 2697
2366 1693 1954
399 260 2213
613 210 481
2910 1619 2628
1926 68 51
2259 1783 1178
1817 1939 572
1539 888 741
1428 1997 1024
1914 71 357
829 576 1486
2787 406 1903
1123 743 608
4 1102 1064
1419 2495 2309
2486 2875 1965
2390 728 2320
422 194 2400
226 1979 1084
1920 720 82
1311 1093 2661
1279 312 1087
2757 2126 456
1664 1028 2474
399 254 223
1977 2846 1794
2577 477 1327
2832 597 48
2633 2577 2633
305 2902 1752
387 2971 506
1739 2511 2572
150 248 865
1545 4 1511
339 962 2719
188 2996 2059
378 782 1216
1443 1681 1596
19 1700 2560
2252 1867 181
2828 2880 1371
2148 27 1360
1142 2276 878
91 565 1283
393 2261 1363
2816 1610 224
2453 617 661
2396 2938 1523
172 2604 809
2306 2339 362
359 468 506
151 2019 1571
1357 2951 1240
1098 15 2843
2853 2328 2198
1382 63 2829
1013 589 317
2014 2694 2275
2198 2712 384
389 437 2899
405 273 2222
891 2693 1878
1661 2237 883
2402 2683 1564
2816 1044 247
2653 455 2707
2148 1891 531
148 1255 1809
2238 1799 1683
2115 2495 2949
211 1490 2714
1590 1149 1298
1706 1996 1503
665 2891 1238
2731 2510 1042
1416 1360 802
1873 793 1612
168 2631 1322
550 448 2961
714 329 2892
883 1880 2957
1244 1547 315
2017 1243 235
1507 1000 1447
1167 2001 901
1681 24 2513
2867 387 935
2435 1357 254
1856 113 1876
2574 1163 1604
2532 1565 670
2932 291 2996
220 170 2619
939 422 1702
854 1195 2896
799 1059 2818
1351 2346 236
1574 2224 1712
274 1626 2643
1804 1886 1477
346 2485 1887
1369 2149 2782
2459 2685 848
2665 246 2140
1053 1761 2449
2653 2765 2660
2207 609 1569
1674 1643 653
2489 2896 941
1426 2698 206
2981 1683 790
256 1911 1190
115 2564 2699
1810 2702 1816
680 1939 2740
572 1173 856
2934 313 69
1581 256 923
2501 1044 829
985 505 1880
933 494 2790
1760 137 2586
2095 2306 2210
559 1604 2581
2113 323 859
800 2551 2902
1577 2899 429
2197 847 531
491 2386 1508
2002 311 2474
2171 59 247
2073 563 1007
1650 1784 34
343 1521 307
2563 1375 1609
1414 1072 41
1752 2509 353
1901 2199 1440
100 1819 997
2643 2964 1352
270 1692 1468
2018 492 2860
1309 385 1749
1683 33 1495
34 2084 1134
2446 2164 636
2605 1223 974
679 1479 1700
2678 147 2006
1382 1179 2719
2969 1821 912
438 642 1786
628 1356 2962
829 244 2829
552 2093 248
119 389 2911
2707 1854 723
1535 1667 1236
2387 284 2117
755 2670 2884
1813 302 362
1998 2767 2752
2469 1289 1888
2785 2168 1445
2708 1792 2196
1827 1086 65
1438 1896 1961
4 935 112
2870 2621 2226
1081 2592 192
2972 2010 2090
2062 1954 2500
470 1360 2729
712 511 688
1358 2721 1249
2108 892 435
2745 1039 2147
2347 497 2877
2765 553 2067
212 928 57
1560 841 1019
562 658 982
247 514 571
2154 2742 1460
241 1923 707
619 540 1933
2384 540 2796
1895 1188 1172
2988 1695 2259
2967 1135 2270
2767 1551 1857
585 568 1068
2737 356 2619
1137 2547 107
1207 688 2996
1212 2972 557
1215 1092 1811
2857 3000 367
2333 1143 695
66 2094 2235
2571 1697 556
196 529 2396
990 1870 715
1662 702 1541
2768 666 304
700 2165 2592
2546 2453 2076
902 1666 2763
2230 2708 778
779 1954 944
1308 1907 978
688 163 602
1797 40 683
355 2755 2690
1989 2051 2288
1865 162 1713
624 677 2054
1462 96 252
2219 2051 491
2771 1257 1938
753 1563 1180
303 394 2726
638 797 1904
1773 516 2185
1463 2187 2977
2336 2588 2778
1268 1019 675
2097 1193 1526
1240 2322 217
475 1777 1626
1767 1170 35
1551 1550 1640
1815 1640 765
2035 2825 1744
1443 851 1416
1989 2261 1823
1244 2976 771
654 2189 2214
2269 2296 2716
2809 2079 1752
1908 1898 2040
513 2457 1764
2434 1392 2820
169 1646 1759
1294 1740 2449
369 1020 2202
2676 2266 2956
2255 977 2938
1134 2513 1794
1032 2633 2297
2769 412 2757
2146 2259 1619
2058 1571 2429
1527 289 1496
2632 2914 2879
1442 1228 2265
1652 1886 331
1953 2498 1549
1220 1037 1147
1649 2138 2242
196 712 1705
927 353 115
2070 823 2316
2841 841 240
207 852 1681
1298 2553 701
238 1115 358
1778 313 1417
2534 2896 346
389 1786 593
386 2369 2405
2954 2400 2911
265 499 380
2475 1745 1907
2044 1015 1940
2132 1759 747
1968 1402 1497
