50 500
1 2
2 3
3 4
4 5
3 6
1 7
3 8
5 9
2 10
4 11
8 12
7 13
3 14
6 15
12 16
4 17
3 18
5 19
15 20
7 21
20 22
1 23
9 24
24 25
1 26
13 27
24 28
19 29
10 30
5 31
24 32
13 33
18 34
28 35
29 36
32 37
6 38
21 39
5 40
38 41
16 42
36 43
19 44
21 45
20 46
46 47
15 48
43 49
10 50
11 24
9 33
31 48
23 48
16 39
3 26
6 25
8 24
14 41
12 25
37 45
27 40
15 32
25 28
16 21
3 39
2 32
11 22
35 41
20 45
30 45
7 8
29 40
22 36
16 37
8 10
6 48
11 15
27 39
5 34
10 24
12 19
12 35
16 44
38 43
3 38
15 41
21 23
10 45
14 24
1 18
6 16
31 50
12 49
41 44
12 38
4 39
32 46
1 29
24 30
19 30
30 46
19 25
5 29
25 32
32 41
11 44
39 48
17 23
6 46
1 41
2 47
13 29
36 50
5 26
8 32
4 47
42 46
15 36
21 34
12 15
20 47
46 49
6 45
29 42
24 44
15 49
8 9
16 50
47 49
27 36
4 41
19 36
13 31
11 13
5 48
20 37
27 30
5 12
34 36
2 35
26 31
9 30
27 35
12 24
5 39
20 28
4 40
20 49
17 20
33 39
5 45
4 6
25 30
26 44
4 14
4 10
44 50
32 50
9 21
16 45
7 47
26 46
18 37
16 49
22 24
1 38
19 35
19 49
44 47
34 45
25 36
34 43
27 32
31 40
23 42
29 44
10 23
24 38
11 25
20 25
10 21
46 48
11 40
17 36
9 44
8 47
35 44
15 37
6 18
21 46
27 43
4 15
1 9
10 42
7 34
4 34
4 23
6 11
13 28
22 33
21 35
10 35
3 15
2 37
35 40
26 32
15 50
35 38
38 45
10 41
24 31
16 29
33 45
10 39
41 49
13 25
34 38
2 26
31 42
3 21
1 6
24 37
10 22
10 47
4 26
47 48
31 44
19 48
42 49
8 19
19 34
6 35
25 31
16 33
5 20
7 14
9 49
31 43
5 7
37 43
13 34
19 47
34 47
23 24
25 40
27 47
40 42
32 44
8 13
1 13
9 35
16 32
30 43
9 26
11 23
22 29
1 28
11 29
10 11
30 31
1 42
37 38
27 50
22 41
45 47
27 38
3 48
6 31
39 42
11 28
14 36
23 28
24 27
9 32
11 39
38 44
12 13
9 22
9 14
11 48
13 44
33 42
21 26
2 28
34 50
48 50
17 38
40 41
6 22
13 42
18 31
12 20
22 32
15 34
39 44
17 24
28 42
18 33
6 13
16 20
10 34
23 27
4 45
23 33
1 27
33 44
33 43
19 21
17 47
21 30
1 35
1 25
2 49
35 47
36 40
8 22
28 30
11 12
19 24
23 32
14 31
5 49
27 45
25 27
20 36
12 29
14 18
4 27
44 45
16 24
7 10
12 30
35 39
16 22
7 50
17 25
21 37
9 11
21 36
7 22
34 41
32 35
2 29
41 48
17 22
4 21
3 31
38 40
2 14
41 42
3 22
30 40
23 26
3 27
20 33
18 38
15 42
4 32
31 37
16 38
21 25
9 47
4 30
24 33
3 20
34 40
36 37
9 25
5 30
5 28
1 11
25 39
8 20
9 38
26 29
23 38
21 32
40 47
19 31
26 41
5 24
6 24
13 45
13 43
5 15
23 30
12 36
10 13
2 6
15 45
17 46
7 24
3 24
29 45
9 45
38 39
22 27
20 27
35 42
1 21
3 28
18 47
6 39
19 33
31 46
37 47
32 39
3 25
19 22
47 50
35 46
7 46
5 50
11 49
5 10
19 40
7 18
22 45
26 42
27 49
11 26
5 16
11 41
7 19
15 44
15 31
30 48
24 48
9 34
6 23
7 28
14 39
15 25
15 30
27 34
28 46
15 21
14 16
8 17
15 23
7 9
29 46
21 33
2 39
33 46
4 49
20 32
21 38
14 45
18 44
11 38
17 18
30 47
17 33
12 44
14 34
6 36
28 33
31 47
31 38
2 33
29 32
18 23
10 15
20 24
18 32
13 40
20 34
25 47
3 36
8 26
5 37
14 44
8 14
6 9
1 50
15 24
16 47
19 43
9 18
1 33
4 20
1 32
32 43
18 43
7 12
10 12
37 44
13 22
24 26
6 37
25 48
13 49
13 23
1 17
3 17
20 50
1 47
19 42
28 47
