100 1000
1 2
1 3
3 4
3 5
1 6
6 7
4 8
5 9
4 10
7 11
8 12
2 13
4 14
9 15
12 16
1 17
1 18
12 19
18 20
7 21
11 22
15 23
9 24
6 25
22 26
16 27
20 28
15 29
6 30
21 31
21 32
15 33
25 34
5 35
32 36
9 37
24 38
21 39
14 40
5 41
7 42
21 43
26 44
40 45
14 46
9 47
10 48
47 49
1 50
21 51
32 52
51 53
35 54
7 55
43 56
17 57
43 58
58 59
39 60
22 61
57 62
35 63
22 64
9 65
25 66
37 67
8 68
33 69
35 70
2 71
60 72
12 73
22 74
55 75
9 76
20 77
74 78
57 79
24 80
72 81
12 82
35 83
33 84
82 85
30 86
42 87
74 88
65 89
40 90
25 91
85 92
37 93
7 94
16 95
86 96
51 97
63 98
98 99
45 100
77 90
51 90
60 63
59 77
4 55
51 57
8 69
45 77
39 54
30 54
45 93
11 100
30 43
41 55
19 65
22 31
47 100
66 90
26 88
61 71
50 55
11 36
20 36
56 76
72 73
30 71
36 83
7 84
24 43
45 70
36 97
44 47
71 77
62 64
51 56
22 24
71 99
69 98
92 96
55 64
16 83
11 97
28 59
72 83
5 94
50 62
42 82
52 57
15 18
27 28
36 41
73 83
17 52
13 97
45 58
31 70
76 78
28 52
33 44
47 84
34 49
59 89
55 78
25 56
50 72
55 99
13 35
4 51
47 95
27 50
32 43
18 51
43 93
21 57
81 96
22 68
19 21
6 17
4 9
15 79
53 96
41 61
44 75
3 39
71 100
63 90
58 71
8 23
10 86
40 60
30 63
17 97
1 91
23 70
31 64
49 79
4 74
7 26
62 85
45 80
90 93
36 69
38 68
15 80
20 83
28 45
13 19
21 35
29 33
36 42
10 38
44 65
34 54
16 77
7 61
44 60
39 90
33 87
50 68
7 74
36 63
18 44
28 65
57 78
63 88
68 84
71 75
44 94
17 82
36 84
27 89
22 42
23 83
28 53
5 77
63 79
63 74
88 99
83 92
29 34
75 96
1 45
5 89
9 41
19 76
3 56
31 90
28 32
44 52
30 82
5 51
52 99
45 71
26 41
22 93
9 42
6 27
8 67
2 52
46 47
57 75
3 94
9 56
45 55
61 65
8 11
3 70
49 66
34 87
1 79
1 33
47 91
11 17
70 72
6 60
13 92
12 71
11 52
23 40
17 42
62 72
50 87
82 88
29 78
73 77
52 71
11 81
31 47
66 68
1 4
21 90
8 84
33 55
8 53
58 82
23 74
14 28
24 90
29 38
31 85
34 92
15 35
50 66
2 87
5 33
74 79
16 56
7 38
4 12
81 83
6 96
56 73
48 97
3 44
21 99
18 61
25 83
34 43
12 30
4 45
22 73
28 46
28 79
14 49
67 79
9 36
2 45
27 46
13 96
29 55
4 70
22 29
17 37
32 63
5 73
44 91
15 99
41 57
34 38
31 36
42 54
60 95
56 84
19 41
6 8
66 92
51 92
25 97
5 60
32 99
70 94
39 66
41 67
38 43
46 79
9 100
5 75
28 81
33 59
61 74
59 72
16 54
92 98
7 65
15 25
16 53
34 81
10 93
53 93
27 87
60 89
8 24
40 71
37 58
67 70
55 88
72 93
4 39
41 62
34 77
42 74
39 86
81 99
28 64
35 58
14 76
45 50
10 70
76 99
60 83
12 70
30 34
1 59
59 84
29 42
55 82
62 97
3 42
33 68
21 26
8 44
20 71
47 54
21 34
44 81
24 81
70 97
67 98
43 61
72 84
9 64
41 97
36 75
58 83
7 57
25 37
8 36
32 54
50 69
51 73
45 57
35 65
35 73
8 43
10 49
8 62
89 93
24 98
24 50
35 79
2 47
3 31
24 71
47 92
88 100
17 25
51 54
4 32
37 97
84 96
59 81
20 76
85 99
77 89
1 34
19 74
10 40
52 86
36 60
18 99
17 43
25 39
41 68
12 47
47 52
83 86
22 94
8 16
13 95
50 100
25 29
30 52
36 54
28 49
24 92
54 75
21 54
18 77
61 97
13 91
13 86
41 91
80 93
83 91
2 70
18 66
46 62
23 52
42 66
30 65
5 24
14 26
5 84
38 80
47 70
19 39
5 7
52 78
4 91
27 58
29 53
25 40
20 72
17 62
74 94
70 90
39 56
35 42
13 80
5 8
14 59
22 72
58 87
80 92
57 87
15 24
10 33
37 46
86 94
63 78
35 48
28 99
50 94
88 97
56 58
10 29
31 98
54 66
38 70
27 55
66 95
37 89
8 10
46 84
42 77
1 16
37 95
69 79
25 88
63 75
14 35
26 46
54 71
5 46
57 68
14 25
62 91
15 42
57 81
32 50
13 26
18 43
57 69
63 67
74 76
50 95
21 61
16 28
35 57
22 34
20 85
39 52
3 62
54 99
6 46
32 35
21 87
12 57
13 79
22 47
8 33
13 60
57 60
14 18
50 52
8 28
2 57
17 46
9 75
22 82
21 92
65 99
72 74
34 97
47 74
37 79
6 24
6 12
35 85
46 95
59 83
42 98
89 96
42 44
10 60
46 75
56 100
18 54
1 98
12 76
18 30
25 59
48 81
79 80
8 72
25 35
75 80
42 58
43 72
21 96
13 62
15 48
96 98
45 99
87 97
70 87
53 59
19 51
41 93
54 76
23 90
6 23
57 61
25 100
34 79
8 100
22 44
67 100
33 85
76 100
84 87
72 88
44 55
52 59
56 61
32 79
1 84
1 37
84 91
65 92
33 45
22 97
21 65
18 78
64 81
65 97
8 17
47 69
24 61
32 42
22 52
41 58
48 78
17 68
13 33
53 69
33 53
85 94
36 90
70 88
10 56
40 73
19 59
61 79
9 90
19 92
26 87
2 97
55 61
67 76
19 38
78 83
19 57
38 52
23 97
13 64
91 98
81 89
53 62
19 29
9 22
45 86
67 72
38 79
36 66
79 84
39 73
28 47
24 83
66 98
57 96
42 49
38 74
78 85
68 73
88 90
50 63
52 55
62 66
55 62
30 80
31 63
8 63
6 15
24 87
44 80
44 70
72 80
57 90
14 78
54 87
8 78
30 83
73 97
10 99
55 80
1 27
1 30
49 64
27 61
64 92
8 41
58 60
13 34
55 95
34 50
49 75
44 46
4 5
29 56
4 84
5 20
69 91
26 64
22 89
86 100
42 96
25 31
6 56
52 77
79 97
30 72
14 99
6 67
74 86
15 26
50 70
17 74
10 58
18 82
53 91
24 54
4 62
18 96
21 80
51 87
20 97
40 65
38 97
27 78
75 100
16 30
24 60
46 100
78 95
6 59
8 26
32 76
66 80
5 95
67 77
39 49
33 50
71 97
35 76
28 91
76 93
41 48
15 56
68 97
56 60
61 63
13 44
6 48
6 14
46 99
50 58
7 89
20 70
84 86
9 80
34 83
47 98
14 22
21 37
12 26
47 89
6 77
21 44
5 21
78 87
29 80
12 77
34 78
10 89
8 79
68 88
10 91
58 98
29 35
27 53
19 63
78 80
18 97
18 75
3 17
26 76
21 29
20 22
23 30
12 94
8 93
14 72
12 52
12 18
4 64
23 92
73 95
10 26
57 71
4 26
9 95
35 38
10 31
26 36
23 58
3 75
51 88
58 96
26 83
24 36
41 90
20 52
9 62
56 83
82 97
5 39
25 62
34 56
43 45
81 88
2 55
1 15
9 70
12 42
24 45
1 80
22 38
51 95
34 36
17 20
56 80
4 18
36 50
29 57
54 78
59 65
42 89
69 75
30 100
69 83
29 45
19 30
60 69
12 74
35 52
14 62
30 46
14 36
34 94
33 80
45 74
14 66
33 42
43 54
28 57
12 17
39 58
35 77
33 78
14 34
17 28
34 84
16 42
36 56
4 77
77 84
20 51
32 61
34 74
11 92
16 94
58 89
55 63
68 81
32 49
20 59
10 51
18 95
16 65
71 74
9 49
31 40
18 62
54 64
59 90
11 72
1 81
36 55
25 60
72 94
49 74
11 56
64 93
17 98
21 70
48 61
15 54
7 25
38 87
14 15
62 75
12 97
37 66
5 47
11 67
17 89
79 93
81 82
64 98
28 73
28 68
22 46
1 90
3 63
32 53
6 21
45 69
30 96
25 95
14 89
27 32
72 98
60 94
90 92
1 5
24 65
33 75
29 98
12 69
2 60
76 80
36 79
19 34
1 74
37 38
47 82
52 90
23 81
46 63
32 51
43 91
79 99
55 100
54 80
4 28
7 80
45 98
61 67
20 65
5 10
52 67
25 81
2 21
25 89
7 37
93 95
18 37
11 45
2 68
6 66
55 60
10 82
25 87
2 78
2 39
42 100
80 98
8 99
62 87
10 21
41 76
20 98
20 54
61 83
61 66
47 75
27 43
20 69
22 98
50 84
