300 1000
1 2
2 3
3 4
2 5
5 6
4 7
2 8
6 9
2 10
4 11
4 12
1 13
5 14
13 15
1 16
1 17
14 18
13 19
11 20
18 21
2 22
11 23
11 24
19 25
6 26
3 27
4 28
16 29
8 30
19 31
22 32
6 33
8 34
29 35
4 36
12 37
11 38
5 39
38 40
33 41
28 42
29 43
33 44
27 45
44 46
32 47
10 48
21 49
3 50
36 51
45 52
49 53
49 54
26 55
52 56
47 57
28 58
26 59
57 60
39 61
58 62
7 63
21 64
60 65
41 66
28 67
61 68
12 69
37 70
63 71
52 72
23 73
60 74
28 75
4 76
21 77
20 78
3 79
44 80
46 81
50 82
11 83
29 84
30 85
41 86
74 87
66 88
68 89
89 90
77 91
4 92
92 93
91 94
47 95
65 96
83 97
26 98
76 99
58 100
83 101
32 102
16 103
5 104
74 105
43 106
80 107
104 108
9 109
50 110
14 111
52 112
26 113
27 114
66 115
21 116
1 117
84 118
108 119
1 120
31 121
85 122
47 123
55 124
46 125
39 126
92 127
78 128
52 129
71 130
6 131
64 132
117 133
69 134
2 135
89 136
5 137
61 138
54 139
137 140
137 141
48 142
114 143
23 144
111 145
81 146
125 147
44 148
121 149
104 150
11 151
144 152
79 153
57 154
13 155
22 156
2 157
93 158
24 159
60 160
30 161
36 162
91 163
45 164
14 165
80 166
81 167
125 168
12 169
110 170
70 171
82 172
127 173
88 174
149 175
39 176
172 177
75 178
50 179
12 180
23 181
152 182
57 183
54 184
154 185
166 186
51 187
157 188
99 189
3 190
84 191
176 192
176 193
88 194
165 195
64 196
33 197
150 198
68 199
70 200
123 201
74 202
61 203
161 204
124 205
173 206
3 207
48 208
86 209
4 210
87 211
186 212
205 213
71 214
164 215
79 216
165 217
138 218
69 219
202 220
216 221
42 222
88 223
160 224
114 225
88 226
185 227
57 228
194 229
210 230
213 231
71 232
111 233
151 234
193 235
25 236
91 237
131 238
233 239
135 240
33 241
5 242
70 243
241 244
91 245
194 246
235 247
135 248
36 249
68 250
98 251
89 252
31 253
235 254
31 255
49 256
238 257
37 258
24 259
224 260
50 261
162 262
129 263
174 264
8 265
95 266
91 267
103 268
65 269
264 270
134 271
85 272
174 273
227 274
85 275
138 276
80 277
1 278
184 279
4 280
81 281
30 282
194 283
65 284
84 285
8 286
274 287
71 288
170 289
40 290
223 291
201 292
216 293
277 294
255 295
39 296
212 297
213 298
261 299
243 300
255 282
21 36
88 140
24 30
130 209
5 147
41 167
77 101
18 238
167 273
25 86
113 163
17 187
9 184
65 263
151 194
40 132
112 141
35 122
175 241
199 270
108 270
56 199
172 208
154 197
37 265
102 243
158 227
52 187
117 191
15 105
11 55
196 213
203 235
162 291
17 158
186 245
38 252
94 185
87 186
134 204
26 29
88 238
59 213
129 231
86 158
58 94
219 277
32 72
222 229
20 58
249 266
34 218
11 18
76 213
85 212
80 266
186 208
93 132
11 300
40 220
190 288
69 118
101 129
53 144
166 247
73 100
229 241
124 275
131 185
33 262
36 283
88 161
73 229
211 251
165 274
107 183
95 149
125 205
71 175
86 236
124 188
47 191
116 153
41 124
13 205
12 138
85 300
180 298
161 227
31 291
75 250
211 219
47 150
112 131
116 121
15 173
209 258
171 245
2 148
2 153
171 180
54 170
42 152
116 224
72 279
21 174
82 171
246 267
9 296
264 281
47 211
56 114
179 218
19 32
68 93
265 294
9 191
76 101
135 234
46 135
106 202
19 60
20 204
102 215
150 164
46 281
232 269
79 244
36 69
159 212
95 237
146 265
233 300
242 247
127 153
137 205
81 128
31 125
48 242
147 186
95 200
269 300
190 248
38 94
24 101
150 253
211 217
181 220
168 299
108 185
55 58
100 238
40 227
19 233
129 173
15 96
91 156
152 179
91 297
130 220
140 215
72 99
196 298
48 285
18 197
76 82
109 176
32 235
21 40
188 208
213 290
29 140
91 194
85 204
57 140
40 91
153 207
90 162
295 297
127 172
3 175
33 210
90 226
21 62
2 268
44 179
10 11
48 197
73 257
90 207
183 288
6 16
75 102
27 46
60 153
58 93
57 68
182 195
245 298
48 128
43 97
72 156
122 223
32 146
255 291
97 123
64 295
66 100
212 278
42 58
172 280
14 224
55 188
130 264
37 206
22 26
4 227
90 107
102 256
194 254
79 131
115 283
154 218
1 108
31 87
123 138
153 231
209 259
55 210
205 278
22 263
46 47
26 292
156 236
118 137
177 255
129 189
158 270
17 114
111 289
148 184
49 95
108 204
86 183
239 293
247 276
193 298
121 132
118 198
180 235
16 299
34 189
91 289
150 290
111 216
110 188
77 111
167 296
5 169
20 255
79 240
48 156
104 201
136 289
86 211
76 275
67 190
130 169
169 271
117 123
44 74
97 191
38 217
110 279
2 114
200 238
148 300
24 99
131 191
65 169
98 278
246 255
64 200
26 241
8 52
240 258
35 128
124 177
59 63
125 136
67 121
87 219
20 188
39 161
201 207
164 242
33 142
107 202
190 264
272 281
156 206
38 129
116 138
12 94
156 177
110 265
2 64
34 73
5 25
27 122
35 284
186 278
24 27
83 258
166 267
261 290
26 28
169 197
35 148
146 180
245 287
177 240
4 71
91 151
150 251
178 294
117 171
21 107
76 205
115 167
151 281
98 108
108 294
32 249
179 262
194 286
30 74
95 239
174 185
18 195
35 213
40 141
226 286
41 81
186 297
148 191
4 271
19 75
8 256
164 244
112 221
14 202
165 294
9 265
124 156
155 163
54 175
114 204
99 281
85 161
119 212
19 247
110 173
90 248
147 155
141 178
64 183
40 115
70 175
100 114
244 253
97 150
24 115
2 106
161 217
130 135
59 151
199 251
270 296
166 203
57 235
133 263
230 236
20 129
223 224
32 243
10 56
218 276
177 256
120 173
110 178
139 281
110 155
90 264
32 71
147 200
179 204
118 181
166 260
97 158
99 194
231 279
80 169
38 291
58 272
46 261
164 269
47 259
88 107
170 186
28 262
37 269
232 244
237 265
52 267
202 274
14 114
10 233
60 284
52 58
19 177
51 298
112 219
10 268
155 219
162 171
149 213
106 288
40 78
83 156
155 179
93 235
152 294
23 95
156 282
16 19
47 77
60 206
62 238
108 144
79 273
133 191
43 132
16 199
274 292
183 207
128 184
115 154
28 250
142 152
79 185
147 179
19 269
25 283
43 153
5 45
54 214
89 110
4 254
196 267
98 266
133 219
102 180
47 222
35 136
228 289
123 255
34 59
83 190
95 136
30 33
80 245
89 241
70 232
115 127
263 283
131 244
103 259
45 99
26 181
96 123
42 50
43 288
1 277
67 89
1 107
182 208
277 293
118 272
15 229
22 57
77 255
227 283
187 196
40 209
38 229
81 145
149 215
9 155
51 206
44 173
66 122
162 204
29 294
7 139
2 281
33 119
81 258
200 296
21 183
61 268
233 286
51 89
10 19
130 137
102 132
32 63
34 150
36 143
46 92
25 260
94 189
51 235
172 254
275 297
89 144
37 136
204 263
42 141
3 196
51 278
56 175
82 179
180 300
53 248
72 257
175 178
15 139
192 216
20 147
100 198
168 193
125 143
26 137
114 137
203 248
21 170
5 188
249 298
125 178
45 204
154 195
64 146
143 160
148 271
177 269
66 277
71 295
37 110
49 215
149 287
246 271
13 109
230 295
175 203
60 271
22 217
47 97
57 70
39 232
210 221
144 164
90 104
39 205
13 113
82 166
57 278
175 252
78 264
23 157
46 271
160 161
79 196
23 276
135 255
109 224
142 161
118 299
76 129
171 266
61 132
143 250
28 113
106 194
21 23
170 283
14 88
37 135
22 173
33 114
252 267
247 264
139 164
63 88
15 55
232 237
102 276
26 134
155 267
65 239
190 250
74 98
10 124
141 149
133 193
179 283
35 161
61 238
128 151
91 253
161 237
85 202
139 265
249 296
59 175
157 228
139 141
9 297
221 287
5 256
33 273
46 237
67 146
289 300
99 171
22 67
113 274
81 163
141 271
52 157
96 120
85 280
135 295
12 55
10 133
146 249
26 51
49 98
5 271
182 220
181 281
255 278
102 176
48 93
123 130
152 253
80 177
84 199
130 280
38 93
194 295
103 280
228 281
87 185
31 60
7 47
19 59
29 252
245 262
139 151
215 284
38 169
118 165
110 177
98 115
228 255
9 105
181 300
25 40
5 192
130 240
175 257
243 294
121 155
22 54
218 248
142 208
183 200
187 257
100 213
115 279
16 200
63 222
91 254
200 218
266 285
13 139
1 157
118 163
118 260
