500 1000
1 2
1 3
2 4
2 5
4 6
1 7
5 8
8 9
1 10
5 11
2 12
11 13
8 14
14 15
8 16
4 17
15 18
15 19
10 20
5 21
18 22
15 23
5 24
21 25
21 26
13 27
22 28
17 29
15 30
3 31
30 32
19 33
32 34
31 35
7 36
15 37
27 38
28 39
8 40
22 41
4 42
16 43
26 44
23 45
32 46
7 47
13 48
21 49
7 50
48 51
28 52
3 53
49 54
33 55
49 56
36 57
47 58
15 59
6 60
16 61
57 62
15 63
30 64
49 65
57 66
9 67
32 68
66 69
69 70
65 71
68 72
17 73
40 74
13 75
66 76
27 77
62 78
72 79
39 80
24 81
7 82
70 83
50 84
40 85
84 86
37 87
12 88
4 89
11 90
36 91
60 92
72 93
74 94
29 95
1 96
43 97
68 98
74 99
79 100
6 101
26 102
21 103
36 104
28 105
5 106
27 107
14 108
27 109
36 110
47 111
62 112
13 113
84 114
14 115
50 116
81 117
103 118
113 119
42 120
40 121
57 122
94 123
42 124
28 125
15 126
95 127
87 128
79 129
81 130
92 131
129 132
81 133
69 134
119 135
123 136
6 137
90 138
52 139
126 140
60 141
27 142
119 143
87 144
13 145
49 146
50 147
108 148
54 149
141 150
109 151
133 152
37 153
109 154
129 155
58 156
150 157
119 158
60 159
105 160
57 161
85 162
61 163
77 164
120 165
63 166
13 167
90 168
91 169
75 170
153 171
53 172
107 173
163 174
29 175
87 176
34 177
106 178
8 179
159 180
109 181
120 182
29 183
170 184
160 185
123 186
146 187
129 188
115 189
135 190
53 191
189 192
26 193
113 194
36 195
163 196
195 197
151 198
69 199
147 200
164 201
34 202
15 203
51 204
170 205
162 206
15 207
134 208
193 209
127 210
54 211
109 212
163 213
146 214
126 215
110 216
70 217
28 218
24 219
23 220
61 221
128 222
93 223
138 224
70 225
52 226
105 227
124 228
50 229
26 230
172 231
217 232
190 233
111 234
132 235
162 236
234 237
137 238
121 239
106 240
45 241
127 242
117 243
239 244
183 245
18 246
94 247
68 248
141 249
195 250
202 251
182 252
205 253
2 254
101 255
206 256
12 257
145 258
41 259
249 260
117 261
52 262
188 263
100 264
64 265
94 266
205 267
8 268
243 269
199 270
215 271
98 272
262 273
195 274
4 275
85 276
32 277
116 278
210 279
270 280
213 281
253 282
265 283
240 284
175 285
52 286
101 287
174 288
69 289
38 290
61 291
86 292
265 293
275 294
215 295
187 296
53 297
287 298
110 299
26 300
47 301
120 302
102 303
224 304
62 305
176 306
221 307
206 308
180 309
27 310
195 311
206 312
45 313
196 314
6 315
74 316
167 317
186 318
167 319
292 320
293 321
184 322
289 323
65 324
261 325
158 326
182 327
83 328
300 329
202 330
288 331
206 332
292 333
160 334
169 335
108 336
77 337
135 338
180 339
165 340
43 341
127 342
281 343
231 344
111 345
169 346
221 347
46 348
326 349
159 350
24 351
351 352
236 353
245 354
295 355
318 356
139 357
25 358
66 359
80 360
193 361
235 362
257 363
202 364
190 365
158 366
314 367
309 368
213 369
343 370
93 371
56 372
369 373
22 374
343 375
286 376
253 377
255 378
105 379
158 380
358 381
88 382
4 383
114 384
307 385
32 386
311 387
115 388
370 389
4 390
355 391
98 392
26 393
369 394
156 395
282 396
277 397
337 398
133 399
64 400
16 401
346 402
121 403
201 404
313 405
18 406
248 407
149 408
273 409
168 410
108 411
86 412
243 413
296 414
384 415
315 416
68 417
248 418
123 419
281 420
166 421
61 422
133 423
279 424
37 425
348 426
315 427
223 428
308 429
143 430
190 431
270 432
148 433
13 434
71 435
165 436
200 437
201 438
303 439
323 440
304 441
203 442
6 443
92 444
54 445
132 446
403 447
109 448
62 449
11 450
9 451
280 452
57 453
267 454
189 455
398 456
399 457
30 458
443 459
62 460
296 461
287 462
8 463
3 464
139 465
309 466
284 467
451 468
440 469
118 470
339 471
311 472
72 473
95 474
68 475
221 476
90 477
137 478
416 479
261 480
374 481
366 482
27 483
370 484
201 485
365 486
408 487
409 488
409 489
274 490
421 491
151 492
11 493
460 494
360 495
55 496
281 497
14 498
261 499
263 500
54 95
108 196
195 421
62 493
185 493
89 173
138 470
390 497
1 265
211 279
108 297
119 345
50 64
335 337
92 156
186 187
5 138
290 358
99 218
360 374
117 140
72 426
87 442
13 452
45 143
114 226
158 434
189 191
489 490
449 454
30 151
61 256
365 426
188 324
59 118
188 367
167 208
222 377
339 429
297 324
370 425
290 364
317 354
235 392
3 355
164 340
174 247
241 440
107 227
81 147
32 289
81 480
221 435
183 269
128 464
79 325
36 231
39 152
47 208
140 481
259 447
386 427
84 282
377 398
118 477
294 374
131 494
15 46
136 302
139 353
164 394
45 428
89 375
163 418
106 241
38 186
255 492
88 388
271 291
207 418
183 326
110 283
76 223
409 441
45 58
399 411
157 358
45 56
188 341
272 386
241 254
119 235
369 401
5 183
255 417
21 465
1 144
50 266
73 94
225 368
60 98
72 442
331 397
252 288
453 497
146 184
20 349
268 269
119 407
91 360
117 326
52 133
36 473
134 183
123 291
186 386
267 394
92 333
297 376
54 431
8 25
40 452
492 499
283 345
262 284
266 451
206 243
368 452
40 361
32 417
164 209
24 389
314 361
80 304
345 468
22 238
243 372
8 66
184 299
44 99
166 414
72 352
176 362
48 343
32 433
14 360
92 168
94 315
115 160
386 396
168 334
60 353
426 482
38 131
125 194
169 453
93 134
171 454
279 477
195 371
13 429
93 194
45 446
332 337
224 264
293 496
27 54
39 116
33 114
33 448
160 389
139 302
45 490
69 198
143 289
98 188
115 170
116 376
205 487
69 132
159 293
361 462
178 344
315 424
171 184
13 390
86 388
7 49
252 297
42 373
149 372
238 352
150 340
52 458
128 134
94 279
50 168
373 465
99 187
160 332
247 288
217 325
222 475
43 297
80 158
145 181
123 436
50 189
194 402
291 423
178 459
200 306
22 167
169 190
202 274
226 361
423 492
64 210
68 334
330 336
66 116
281 478
283 342
95 196
135 361
71 171
21 479
78 156
102 301
159 466
234 454
125 275
11 89
49 125
41 449
298 482
8 114
234 417
234 464
25 359
261 495
263 399
302 374
258 421
26 223
48 284
72 126
88 268
31 196
12 324
188 495
119 353
138 409
91 412
182 475
191 253
3 397
163 328
21 272
295 385
268 279
182 492
178 409
223 310
206 327
341 470
266 403
183 338
445 471
438 458
447 463
336 452
67 235
145 262
102 298
9 431
357 367
122 375
190 385
217 329
211 215
319 399
195 455
3 249
395 421
392 492
161 326
217 274
76 251
242 417
108 207
188 353
228 465
166 322
71 370
72 281
121 281
205 356
199 461
215 444
447 464
131 260
94 390
62 173
222 326
212 220
52 107
54 246
223 342
26 315
23 273
153 340
68 170
23 243
131 491
200 317
83 420
59 358
51 473
70 155
85 294
110 159
132 397
293 336
171 252
6 20
89 475
49 336
270 322
151 206
101 296
347 497
191 284
114 430
185 430
31 54
154 186
92 240
141 179
367 395
178 221
169 292
73 416
32 272
196 226
102 187
365 500
65 78
199 352
180 222
229 486
55 282
336 451
329 494
235 244
130 358
63 207
208 344
287 336
347 443
357 377
163 428
20 422
170 419
102 217
238 355
190 321
204 363
394 473
154 473
290 475
372 490
128 310
115 287
82 282
119 469
227 484
150 390
161 275
112 241
168 322
60 360
15 470
236 402
39 168
166 439
62 391
16 214
140 472
404 493
36 444
129 315
234 339
245 300
40 188
318 474
158 465
405 457
26 42
212 285
219 449
199 343
432 476
88 132
158 404
99 407
73 255
132 209
69 346
287 392
90 223
101 191
30 389
57 149
189 229
175 425
213 224
312 405
365 399
210 259
111 185
115 451
253 487
347 412
434 435
427 487
137 185
294 434
260 268
218 420
347 411
74 372
101 395
354 402
354 460
298 394
187 281
25 395
185 359
160 485
153 266
280 487
33 405
204 394
316 443
47 188
74 202
224 399
240 267
170 466
92 229
217 306
89 418
29 120
44 281
79 495
148 221
50 405
133 213
80 126
276 287
121 475
331 437
22 345
80 88
92 261
74 76
442 476
28 44
105 135
56 72
147 184
99 119
309 457
29 302
110 335
46 110
72 96
81 234
91 315
134 347
46 413
117 221
103 172
92 320
112 463
397 436
96 227
1 476
254 323
16 161
50 384
89 154
158 412
142 228
126 158
42 63
332 465
412 487
17 132
41 333
