500 1000
1 2
1 3
2 4
1 5
1 6
6 7
1 8
4 9
1 10
8 11
6 12
10 13
13 14
10 15
5 16
3 17
2 18
18 19
15 20
18 21
11 22
13 23
4 24
4 25
10 26
5 27
12 28
8 29
1 30
27 31
3 32
1 33
2 34
4 35
11 36
21 37
32 38
22 39
13 40
1 41
7 42
25 43
20 44
4 45
33 46
9 47
5 48
47 49
26 50
23 51
24 52
2 53
50 54
12 55
5 56
38 57
39 58
45 59
50 60
34 61
14 62
4 63
51 64
60 65
31 66
59 67
12 68
26 69
27 70
47 71
16 72
12 73
48 74
31 75
45 76
52 77
63 78
63 79
52 80
17 81
67 82
10 83
34 84
43 85
76 86
76 87
60 88
77 89
41 90
42 91
3 92
1 93
27 94
49 95
13 96
55 97
68 98
3 99
10 100
64 101
89 102
48 103
90 104
20 105
67 106
47 107
80 108
67 109
91 110
24 111
39 112
68 113
105 114
108 115
30 116
42 117
84 118
83 119
59 120
76 121
115 122
109 123
16 124
19 125
76 126
124 127
86 128
45 129
68 130
105 131
73 132
131 133
99 134
99 135
71 136
104 137
98 138
98 139
108 140
90 141
86 142
27 143
123 144
57 145
137 146
75 147
23 148
71 149
51 150
100 151
89 152
116 153
69 154
88 155
80 156
90 157
133 158
141 159
123 160
3 161
65 162
71 163
36 164
61 165
144 166
20 167
14 168
65 169
105 170
45 171
40 172
73 173
101 174
7 175
130 176
1 177
20 178
94 179
7 180
48 181
178 182
36 183
121 184
1 185
173 186
93 187
93 188
123 189
95 190
83 191
89 192
24 193
171 194
116 195
134 196
179 197
90 198
183 199
61 200
183 201
42 202
185 203
45 204
119 205
171 206
109 207
200 208
61 209
101 210
139 211
38 212
201 213
81 214
113 215
117 216
108 217
152 218
167 219
186 220
94 221
156 222
47 223
111 224
48 225
108 226
199 227
188 228
38 229
60 230
197 231
54 232
147 233
4 234
157 235
103 236
55 237
206 238
84 239
137 240
84 241
11 242
136 243
157 244
132 245
232 246
110 247
57 248
115 249
5 250
99 251
143 252
126 253
36 254
209 255
240 256
33 257
102 258
139 259
124 260
221 261
235 262
123 263
92 264
14 265
61 266
160 267
167 268
49 269
111 270
68 271
158 272
139 273
270 274
201 275
58 276
74 277
64 278
193 279
274 280
106 281
181 282
173 283
238 284
38 285
207 286
86 287
257 288
169 289
31 290
211 291
126 292
65 293
292 294
130 295
249 296
200 297
5 298
72 299
90 300
268 301
125 302
39 303
74 304
192 305
60 306
62 307
101 308
66 309
46 310
107 311
92 312
288 313
126 314
52 315
238 316
302 317
226 318
22 319
103 320
30 321
320 322
91 323
233 324
72 325
132 326
217 327
298 328
158 329
106 330
213 331
97 332
273 333
305 334
124 335
196 336
92 337
277 338
95 339
336 340
234 341
275 342
182 343
84 344
229 345
343 346
74 347
196 348
30 349
2 350
82 351
316 352
77 353
27 354
41 355
211 356
188 357
141 358
284 359
281 360
86 361
155 362
133 363
51 364
216 365
24 366
254 367
172 368
267 369
247 370
1 371
6 372
76 373
59 374
283 375
309 376
9 377
300 378
316 379
342 380
311 381
239 382
250 383
120 384
46 385
18 386
179 387
124 388
268 389
237 390
276 391
158 392
33 393
193 394
98 395
346 396
196 397
138 398
216 399
121 400
144 401
342 402
130 403
66 404
63 405
272 406
112 407
92 408
179 409
95 410
12 411
293 412
210 413
130 414
340 415
188 416
340 417
325 418
118 419
295 420
173 421
141 422
368 423
32 424
58 425
87 426
403 427
191 428
212 429
418 430
124 431
398 432
302 433
224 434
71 435
172 436
182 437
396 438
306 439
439 440
367 441
237 442
410 443
19 444
207 445
222 446
276 447
400 448
51 449
334 450
193 451
270 452
311 453
402 454
57 455
393 456
387 457
251 458
372 459
193 460
31 461
443 462
146 463
100 464
221 465
196 466
387 467
4 468
421 469
372 470
432 471
278 472
314 473
236 474
267 475
55 476
175 477
98 478
55 479
311 480
427 481
157 482
107 483
240 484
269 485
215 486
368 487
275 488
442 489
353 490
23 491
168 492
303 493
38 494
365 495
6 496
124 497
14 498
109 499
145 500
319 328
159 188
245 400
285 390
358 488
16 324
161 362
121 386
335 411
153 484
432 467
116 377
175 299
417 450
143 438
326 371
453 465
205 381
295 394
46 477
393 428
384 450
427 475
66 180
304 430
63 399
297 500
66 199
201 415
164 229
218 286
33 453
217 420
48 174
304 473
275 446
152 177
127 328
310 438
271 330
469 487
118 478
444 482
92 361
2 241
128 409
32 491
143 367
210 493
348 435
130 400
357 440
217 398
174 315
73 408
49 481
20 46
88 487
190 405
188 324
34 193
292 363
326 367
247 489
127 267
406 480
115 322
10 482
239 333
129 191
96 333
109 447
91 261
119 203
30 416
221 250
20 479
294 358
131 468
95 137
55 58
409 424
338 491
150 415
57 475
116 455
76 243
221 315
91 233
296 498
234 482
200 392
48 452
239 476
31 38
1 409
308 408
351 450
288 378
53 282
132 332
267 451
27 127
256 437
45 47
46 68
233 473
299 458
141 227
100 468
25 243
61 115
7 281
21 153
127 253
131 279
236 384
38 100
13 17
296 496
249 306
293 334
86 249
166 372
47 95
179 315
179 250
9 456
361 419
285 491
294 477
458 460
15 311
150 172
42 375
49 374
383 469
208 458
103 217
395 396
180 472
117 166
261 361
90 329
186 406
13 436
317 318
205 415
187 487
126 479
130 288
187 204
71 297
216 358
78 396
189 286
16 274
140 193
230 404
271 465
216 406
90 362
3 350
373 469
427 430
329 336
74 379
117 295
44 101
243 254
196 236
122 295
90 308
233 347
26 291
303 484
186 211
81 311
269 465
309 348
103 150
120 289
141 459
158 235
154 436
134 210
154 402
45 332
41 61
315 450
11 159
351 412
279 433
17 319
6 478
213 462
108 176
211 457
112 126
369 483
294 384
283 299
273 470
274 326
338 357
67 197
288 343
149 276
91 356
90 371
271 375
195 212
235 431
162 254
75 467
210 438
109 137
211 369
83 231
35 460
31 154
151 401
303 409
226 282
81 83
256 293
201 327
387 444
357 458
88 166
144 313
305 440
327 346
322 329
88 343
16 246
58 187
190 363
277 434
298 395
268 352
65 481
21 325
322 454
55 87
77 357
184 228
164 382
134 415
94 333
280 422
314 323
231 466
22 445
36 382
210 433
149 289
155 372
113 314
134 232
263 480
20 382
138 224
157 333
383 390
26 135
289 296
279 442
73 233
49 264
22 126
145 157
117 205
35 192
251 400
157 424
104 108
141 247
330 347
278 307
191 353
433 445
280 473
435 445
193 355
150 305
57 331
24 336
272 296
39 203
129 186
142 482
7 92
290 369
167 342
3 493
45 460
472 490
423 458
156 481
59 108
114 395
85 99
294 351
22 471
127 490
228 421
57 468
40 162
190 228
175 394
117 189
119 269
13 350
216 217
83 145
365 397
107 189
460 490
388 424
184 243
172 409
116 163
279 451
290 345
206 208
147 439
33 174
255 357
18 226
215 351
142 490
114 470
69 73
303 369
319 323
181 248
233 300
157 422
113 185
313 476
114 400
216 398
5 489
43 197
177 343
285 325
111 271
90 497
159 168
141 368
289 398
274 362
266 333
106 220
191 210
448 464
333 385
18 302
99 217
215 423
103 180
102 162
383 491
436 459
31 184
248 384
85 143
118 271
313 456
100 198
170 173
45 224
258 394
173 223
82 142
78 349
5 179
62 103
48 183
42 314
45 213
185 309
265 409
296 485
99 114
114 413
173 484
169 271
282 483
135 333
47 284
273 292
293 383
197 454
438 499
111 125
283 335
261 422
10 206
49 489
118 322
319 461
118 263
325 392
180 277
43 354
348 386
141 373
125 298
292 356
374 437
58 469
178 418
31 76
154 354
3 125
33 260
317 431
250 386
223 312
382 416
183 500
293 488
121 239
70 330
342 448
20 91
2 301
188 465
52 367
160 477
108 459
13 385
195 353
15 295
391 425
61 123
228 291
266 423
78 135
283 391
126 396
43 286
54 247
90 494
18 47
52 368
196 295
400 425
239 322
61 224
234 425
171 258
80 452
77 190
153 357
225 271
163 316
148 407
127 475
146 289
236 377
197 285
154 302
458 464
248 407
100 160
59 271
29 151
17 315
308 459
77 157
163 336
35 100
52 403
35 166
72 347
33 303
40 106
141 180
282 309
341 435
90 341
212 381
36 480
387 394
167 185
154 327
119 155
371 376
157 350
250 293
105 335
99 132
185 282
130 211
331 427
191 388
108 440
339 406
