1000 1000
1 2
2 3
3 4
1 5
1 6
6 7
6 8
3 9
7 10
10 11
7 12
10 13
2 14
13 15
9 16
15 17
8 18
10 19
12 20
1 21
7 22
1 23
7 24
9 25
24 26
10 27
21 28
22 29
19 30
24 31
9 32
31 33
16 34
9 35
4 36
5 37
19 38
27 39
14 40
26 41
28 42
32 43
12 44
30 45
10 46
33 47
27 48
9 49
1 50
12 51
26 52
5 53
43 54
6 55
7 56
21 57
51 58
51 59
25 60
8 61
24 62
34 63
21 64
4 65
31 66
37 67
64 68
63 69
30 70
45 71
29 72
6 73
49 74
57 75
54 76
3 77
57 78
71 79
32 80
2 81
44 82
76 83
43 84
28 85
36 86
51 87
51 88
62 89
49 90
76 91
27 92
65 93
76 94
86 95
29 96
71 97
45 98
22 99
98 100
15 101
71 102
26 103
83 104
20 105
73 106
73 107
10 108
8 109
100 110
85 111
86 112
1 113
4 114
8 115
72 116
87 117
100 118
112 119
74 120
53 121
85 122
93 123
98 124
107 125
56 126
106 127
59 128
110 129
91 130
42 131
66 132
122 133
43 134
23 135
9 136
70 137
39 138
1 139
6 140
71 141
103 142
17 143
76 144
72 145
17 146
1 147
134 148
73 149
87 150
90 151
112 152
11 153
26 154
65 155
104 156
4 157
11 158
21 159
140 160
2 161
6 162
161 163
43 164
97 165
66 166
96 167
114 168
150 169
91 170
61 171
17 172
168 173
64 174
38 175
20 176
3 177
10 178
162 179
103 180
2 181
47 182
8 183
70 184
60 185
33 186
126 187
173 188
41 189
149 190
3 191
176 192
65 193
56 194
32 195
62 196
8 197
130 198
9 199
50 200
20 201
5 202
121 203
57 204
122 205
117 206
104 207
182 208
27 209
151 210
30 211
18 212
47 213
83 214
32 215
10 216
145 217
129 218
79 219
113 220
209 221
71 222
97 223
106 224
23 225
218 226
170 227
180 228
224 229
20 230
143 231
196 232
3 233
34 234
153 235
79 236
98 237
4 238
18 239
50 240
232 241
148 242
150 243
100 244
1 245
19 246
168 247
29 248
134 249
135 250
218 251
167 252
191 253
129 254
55 255
198 256
60 257
214 258
257 259
209 260
224 261
153 262
103 263
244 264
156 265
160 266
139 267
186 268
127 269
187 270
50 271
91 272
59 273
191 274
23 275
216 276
135 277
175 278
22 279
148 280
16 281
175 282
139 283
76 284
264 285
251 286
140 287
31 288
43 289
192 290
14 291
183 292
281 293
81 294
72 295
259 296
148 297
68 298
1 299
33 300
23 301
190 302
68 303
97 304
7 305
245 306
191 307
169 308
234 309
282 310
95 311
155 312
41 313
161 314
264 315
159 316
139 317
168 318
241 319
98 320
174 321
126 322
266 323
293 324
181 325
101 326
227 327
46 328
301 329
48 330
158 331
33 332
1 333
101 334
307 335
16 336
25 337
97 338
186 339
13 340
73 341
287 342
337 343
75 344
188 345
157 346
330 347
175 348
344 349
309 350
188 351
80 352
259 353
21 354
309 355
47 356
188 357
156 358
170 359
105 360
293 361
357 362
358 363
270 364
337 365
308 366
243 367
345 368
63 369
59 370
360 371
186 372
371 373
74 374
232 375
195 376
75 377
244 378
192 379
299 380
79 381
57 382
319 383
381 384
382 385
96 386
23 387
84 388
112 389
322 390
303 391
137 392
62 393
295 394
285 395
16 396
189 397
371 398
348 399
104 400
119 401
122 402
385 403
105 404
143 405
384 406
142 407
381 408
368 409
65 410
406 411
357 412
268 413
356 414
413 415
219 416
302 417
136 418
234 419
78 420
190 421
240 422
222 423
107 424
368 425
3 426
67 427
325 428
211 429
388 430
25 431
79 432
83 433
432 434
231 435
189 436
381 437
40 438
227 439
352 440
229 441
90 442
338 443
277 444
226 445
366 446
347 447
108 448
420 449
139 450
385 451
106 452
187 453
55 454
182 455
356 456
60 457
79 458
329 459
143 460
237 461
88 462
91 463
51 464
271 465
395 466
40 467
373 468
283 469
139 470
269 471
218 472
107 473
374 474
107 475
86 476
403 477
248 478
154 479
436 480
454 481
138 482
174 483
479 484
2 485
124 486
411 487
61 488
228 489
209 490
452 491
458 492
29 493
145 494
406 495
136 496
305 497
404 498
154 499
188 500
416 501
220 502
347 503
319 504
1 505
10 506
164 507
319 508
262 509
182 510
302 511
511 512
260 513
54 514
103 515
504 516
412 517
34 518
478 519
29 520
76 521
330 522
79 523
308 524
484 525
477 526
232 527
134 528
71 529
80 530
45 531
360 532
90 533
333 534
352 535
177 536
144 537
145 538
38 539
210 540
185 541
326 542
313 543
27 544
24 545
487 546
124 547
473 548
358 549
11 550
49 551
285 552
345 553
186 554
242 555
179 556
419 557
151 558
503 559
180 560
298 561
419 562
352 563
508 564
386 565
246 566
168 567
365 568
491 569
127 570
334 571
512 572
120 573
542 574
492 575
561 576
262 577
217 578
397 579
483 580
289 581
510 582
125 583
543 584
103 585
184 586
496 587
6 588
342 589
79 590
431 591
314 592
591 593
47 594
591 595
28 596
442 597
147 598
39 599
253 600
36 601
303 602
145 603
418 604
600 605
553 606
259 607
443 608
269 609
154 610
97 611
515 612
21 613
41 614
375 615
52 616
612 617
507 618
93 619
416 620
154 621
355 622
522 623
521 624
195 625
527 626
406 627
414 628
293 629
403 630
308 631
319 632
343 633
395 634
317 635
359 636
408 637
553 638
441 639
24 640
210 641
550 642
394 643
179 644
173 645
517 646
352 647
570 648
147 649
633 650
207 651
228 652
171 653
3 654
519 655
139 656
336 657
74 658
388 659
598 660
164 661
215 662
66 663
33 664
654 665
12 666
241 667
89 668
401 669
264 670
520 671
568 672
386 673
321 674
314 675
455 676
533 677
127 678
318 679
111 680
437 681
431 682
621 683
511 684
608 685
565 686
480 687
557 688
109 689
613 690
372 691
100 692
313 693
453 694
77 695
572 696
511 697
580 698
442 699
406 700
347 701
52 702
246 703
581 704
379 705
688 706
656 707
439 708
162 709
193 710
43 711
230 712
232 713
677 714
428 715
663 716
15 717
57 718
344 719
36 720
407 721
719 722
140 723
21 724
589 725
199 726
689 727
13 728
82 729
652 730
198 731
98 732
313 733
689 734
708 735
513 736
451 737
596 738
188 739
503 740
600 741
217 742
699 743
342 744
684 745
467 746
42 747
389 748
671 749
190 750
175 751
333 752
31 753
470 754
114 755
188 756
679 757
663 758
171 759
504 760
466 761
509 762
401 763
722 764
323 765
507 766
444 767
538 768
424 769
290 770
11 771
721 772
187 773
459 774
67 775
12 776
769 777
487 778
204 779
700 780
688 781
249 782
777 783
420 784
512 785
42 786
678 787
333 788
659 789
218 790
327 791
1 792
338 793
620 794
300 795
519 796
212 797
75 798
263 799
14 800
230 801
210 802
560 803
58 804
752 805
198 806
688 807
121 808
90 809
522 810
624 811
263 812
386 813
337 814
224 815
103 816
568 817
761 818
94 819
308 820
789 821
618 822
244 823
539 824
633 825
264 826
8 827
692 828
775 829
47 830
39 831
286 832
59 833
467 834
747 835
732 836
307 837
762 838
573 839
502 840
763 841
105 842
822 843
828 844
754 845
841 846
683 847
252 848
397 849
773 850
602 851
65 852
579 853
763 854
821 855
855 856
169 857
623 858
825 859
856 860
225 861
453 862
657 863
538 864
810 865
723 866
41 867
422 868
94 869
425 870
304 871
780 872
387 873
857 874
439 875
124 876
197 877
39 878
57 879
101 880
598 881
142 882
238 883
820 884
855 885
388 886
639 887
17 888
765 889
446 890
844 891
860 892
32 893
483 894
250 895
233 896
29 897
565 898
61 899
820 900
248 901
888 902
179 903
273 904
605 905
497 906
563 907
235 908
678 909
683 910
764 911
681 912
675 913
714 914
601 915
338 916
54 917
396 918
483 919
828 920
661 921
114 922
218 923
340 924
849 925
359 926
75 927
491 928
426 929
811 930
428 931
494 932
150 933
100 934
836 935
102 936
317 937
42 938
113 939
117 940
565 941
464 942
852 943
608 944
801 945
159 946
266 947
588 948
329 949
505 950
903 951
375 952
41 953
54 954
265 955
492 956
532 957
522 958
78 959
443 960
293 961
33 962
483 963
643 964
741 965
936 966
959 967
145 968
137 969
105 970
582 971
299 972
894 973
593 974
820 975
921 976
447 977
627 978
213 979
567 980
404 981
678 982
875 983
826 984
455 985
190 986
818 987
886 988
76 989
60 990
637 991
788 992
585 993
862 994
767 995
139 996
493 997
213 998
752 999
561 1000
526 539
