1000 1000
1 2
1 3
3 4
1 5
3 6
5 7
3 8
8 9
3 10
4 11
11 12
2 13
6 14
10 15
7 16
7 17
10 18
8 19
7 20
11 21
20 22
9 23
4 24
16 25
7 26
14 27
7 28
1 29
6 30
19 31
25 32
14 33
10 34
20 35
24 36
28 37
19 38
27 39
14 40
34 41
25 42
36 43
40 44
17 45
30 46
18 47
9 48
26 49
45 50
17 51
39 52
25 53
28 54
3 55
18 56
51 57
27 58
38 59
19 60
3 61
40 62
60 63
40 64
22 65
63 66
2 67
14 68
61 69
33 70
13 71
8 72
66 73
21 74
14 75
35 76
47 77
21 78
41 79
16 80
77 81
28 82
2 83
68 84
39 85
79 86
67 87
60 88
45 89
35 90
90 91
79 92
9 93
22 94
6 95
66 96
43 97
96 98
38 99
38 100
23 101
48 102
44 103
81 104
79 105
67 106
39 107
91 108
51 109
31 110
88 111
25 112
85 113
80 114
25 115
69 116
93 117
44 118
43 119
10 120
4 121
75 122
65 123
58 124
35 125
56 126
91 127
51 128
35 129
103 130
21 131
29 132
70 133
54 134
47 135
103 136
6 137
13 138
21 139
22 140
98 141
49 142
4 143
141 144
30 145
143 146
39 147
31 148
5 149
96 150
84 151
22 152
13 153
46 154
50 155
91 156
72 157
73 158
14 159
54 160
66 161
84 162
120 163
19 164
116 165
83 166
53 167
58 168
97 169
56 170
93 171
32 172
46 173
117 174
49 175
117 176
136 177
32 178
125 179
129 180
177 181
14 182
17 183
81 184
58 185
31 186
99 187
10 188
135 189
176 190
127 191
77 192
25 193
28 194
54 195
120 196
88 197
108 198
163 199
33 200
87 201
199 202
2 203
58 204
133 205
41 206
136 207
97 208
73 209
156 210
121 211
67 212
56 213
178 214
24 215
80 216
31 217
192 218
216 219
96 220
66 221
64 222
101 223
9 224
36 225
115 226
187 227
25 228
207 229
224 230
225 231
216 232
224 233
104 234
29 235
192 236
113 237
101 238
4 239
213 240
127 241
125 242
149 243
36 244
187 245
109 246
72 247
126 248
197 249
2 250
74 251
126 252
115 253
217 254
217 255
156 256
81 257
149 258
182 259
257 260
215 261
13 262
149 263
162 264
136 265
63 266
54 267
161 268
169 269
73 270
143 271
47 272
253 273
106 274
124 275
257 276
233 277
138 278
74 279
242 280
158 281
106 282
179 283
258 284
192 285
204 286
164 287
18 288
10 289
19 290
246 291
231 292
68 293
190 294
129 295
162 296
42 297
215 298
279 299
264 300
3 301
177 302
95 303
108 304
145 305
209 306
135 307
227 308
258 309
4 310
180 311
79 312
214 313
144 314
126 315
65 316
4 317
236 318
21 319
179 320
120 321
73 322
83 323
58 324
119 325
205 326
60 327
312 328
233 329
323 330
143 331
217 332
145 333
237 334
300 335
55 336
280 337
272 338
10 339
264 340
151 341
328 342
26 343
313 344
210 345
11 346
331 347
321 348
170 349
86 350
145 351
61 352
294 353
253 354
237 355
145 356
250 357
31 358
11 359
19 360
40 361
73 362
64 363
330 364
96 365
102 366
272 367
205 368
102 369
141 370
101 371
194 372
244 373
3 374
255 375
147 376
275 377
62 378
128 379
217 380
146 381
231 382
11 383
281 384
316 385
166 386
367 387
380 388
374 389
230 390
75 391
9 392
81 393
341 394
64 395
78 396
369 397
317 398
317 399
398 400
231 401
92 402
104 403
224 404
390 405
336 406
233 407
290 408
123 409
79 410
398 411
390 412
13 413
177 414
348 415
58 416
139 417
129 418
125 419
82 420
308 421
53 422
313 423
360 424
38 425
210 426
71 427
329 428
40 429
402 430
124 431
381 432
93 433
89 434
117 435
245 436
123 437
411 438
205 439
375 440
90 441
37 442
67 443
99 444
229 445
311 446
72 447
325 448
250 449
109 450
255 451
348 452
168 453
361 454
232 455
282 456
376 457
207 458
218 459
65 460
148 461
61 462
59 463
417 464
167 465
270 466
407 467
299 468
160 469
251 470
58 471
35 472
109 473
445 474
112 475
238 476
309 477
387 478
186 479
162 480
139 481
245 482
177 483
254 484
365 485
431 486
300 487
177 488
5 489
36 490
233 491
74 492
421 493
286 494
428 495
242 496
371 497
127 498
162 499
292 500
278 501
418 502
434 503
428 504
199 505
337 506
344 507
447 508
295 509
167 510
98 511
262 512
441 513
231 514
507 515
292 516
10 517
75 518
307 519
273 520
133 521
137 522
347 523
95 524
339 525
455 526
290 527
465 528
505 529
410 530
133 531
369 532
325 533
414 534
357 535
209 536
264 537
42 538
188 539
77 540
153 541
353 542
348 543
180 544
251 545
353 546
71 547
185 548
430 549
86 550
264 551
229 552
370 553
188 554
216 555
212 556
101 557
469 558
494 559
203 560
11 561
531 562
439 563
394 564
72 565
399 566
447 567
18 568
465 569
168 570
257 571
339 572
329 573
301 574
99 575
571 576
557 577
96 578
160 579
345 580
428 581
337 582
557 583
458 584
413 585
554 586
533 587
462 588
368 589
230 590
505 591
20 592
571 593
463 594
402 595
109 596
49 597
88 598
47 599
177 600
405 601
80 602
112 603
155 604
222 605
423 606
189 607
398 608
556 609
268 610
45 611
483 612
167 613
112 614
561 615
187 616
591 617
521 618
165 619
206 620
525 621
547 622
594 623
470 624
132 625
152 626
472 627
89 628
38 629
202 630
283 631
395 632
166 633
126 634
352 635
110 636
543 637
482 638
34 639
498 640
356 641
351 642
62 643
32 644
415 645
361 646
218 647
157 648
223 649
528 650
567 651
501 652
15 653
233 654
59 655
237 656
626 657
268 658
262 659
237 660
482 661
41 662
384 663
258 664
468 665
15 666
521 667
623 668
147 669
625 670
47 671
167 672
75 673
26 674
670 675
661 676
391 677
234 678
414 679
289 680
644 681
279 682
295 683
229 684
624 685
614 686
516 687
493 688
513 689
636 690
389 691
276 692
651 693
551 694
96 695
618 696
330 697
495 698
387 699
671 700
678 701
23 702
232 703
202 704
99 705
594 706
444 707
410 708
290 709
544 710
519 711
368 712
274 713
180 714
402 715
154 716
113 717
271 718
338 719
84 720
587 721
172 722
450 723
448 724
685 725
238 726
659 727
347 728
687 729
294 730
384 731
135 732
591 733
468 734
78 735
480 736
30 737
612 738
601 739
461 740
566 741
660 742
564 743
672 744
681 745
394 746
344 747
720 748
233 749
662 750
190 751
4 752
212 753
394 754
451 755
520 756
463 757
374 758
15 759
142 760
752 761
372 762
134 763
697 764
396 765
468 766
532 767
216 768
350 769
122 770
37 771
705 772
613 773
632 774
620 775
535 776
110 777
510 778
291 779
636 780
585 781
294 782
585 783
551 784
246 785
65 786
464 787
680 788
583 789
363 790
175 791
540 792
359 793
107 794
391 795
56 796
265 797
193 798
556 799
649 800
36 801
275 802
479 803
379 804
217 805
618 806
261 807
805 808
107 809
335 810
21 811
711 812
174 813
405 814
513 815
325 816
498 817
754 818
123 819
294 820
585 821
489 822
816 823
671 824
702 825
47 826
417 827
392 828
431 829
384 830
638 831
550 832
667 833
317 834
658 835
320 836
82 837
216 838
729 839
755 840
69 841
98 842
587 843
638 844
519 845
366 846
596 847
727 848
225 849
726 850
227 851
195 852
31 853
247 854
442 855
682 856
688 857
855 858
148 859
790 860
619 861
238 862
507 863
220 864
95 865
437 866
844 867
612 868
642 869
735 870
246 871
465 872
486 873
546 874
783 875
655 876
316 877
579 878
517 879
469 880
225 881
52 882
410 883
798 884
206 885
460 886
177 887
296 888
495 889
695 890
311 891
16 892
837 893
89 894
560 895
285 896
479 897
88 898
374 899
167 900
512 901
59 902
555 903
140 904
852 905
514 906
887 907
17 908
197 909
425 910
814 911
142 912
7 913
175 914
83 915
98 916
694 917
231 918
896 919
395 920
265 921
310 922
750 923
921 924
679 925
2 926
371 927
657 928
90 929
406 930
249 931
828 932
593 933
170 934
871 935
343 936
603 937
458 938
40 939
224 940
210 941
488 942
124 943
155 944
182 945
452 946
479 947
141 948
750 949
878 950
808 951
278 952
702 953
719 954
529 955
503 956
132 957
35 958
295 959
297 960
543 961
60 962
927 963
707 964
82 965
249 966
404 967
107 968
815 969
286 970
224 971
658 972
182 973
784 974
448 975
888 976
420 977
968 978
76 979
163 980
560 981
42 982
200 983
808 984
35 985
550 986
676 987
652 988
115 989
847 990
416 991
230 992
836 993
988 994
615 995
819 996
557 997
819 998
711 999
865 1000
141 798
