50 500
1 2
1 3
3 4
2 5
5 6
1 7
3 8
3 9
5 10
7 11
10 12
1 13
13 14
2 15
3 16
11 17
5 18
6 19
12 20
6 21
15 22
8 23
16 24
7 25
22 26
18 27
9 28
3 29
9 30
8 31
16 32
26 33
10 34
22 35
16 36
27 37
10 38
33 39
32 40
40 41
15 42
20 43
22 44
9 45
38 46
32 47
10 48
6 49
8 50
4 50
8 46
23 43
4 30
17 18
18 26
12 24
5 30
8 29
6 28
8 32
20 34
29 50
28 43
11 45
30 40
23 42
22 25
29 33
28 35
5 20
7 9
7 22
6 13
7 35
4 29
7 30
37 44
36 38
44 50
3 25
15 31
10 45
16 38
34 43
44 45
6 37
13 38
14 31
21 50
12 47
47 50
6 44
5 47
14 17
28 30
26 39
34 37
38 47
12 33
21 22
11 28
23 29
26 41
28 36
3 42
13 15
31 50
15 27
8 28
30 50
20 32
2 17
19 45
9 41
12 22
3 17
7 8
3 43
6 34
8 9
5 50
22 33
9 46
20 37
25 28
29 45
44 47
10 27
2 35
16 40
27 43
32 41
38 50
10 18
13 19
8 37
10 24
23 35
7 10
32 35
5 11
5 13
13 41
12 31
8 33
5 27
46 50
26 44
10 39
8 45
18 41
19 37
9 16
28 32
3 15
3 5
21 33
4 15
37 39
26 29
7 46
6 22
6 39
3 40
20 29
1 49
2 16
1 35
17 25
14 45
43 48
3 7
3 19
13 49
3 32
5 9
1 9
25 41
14 49
19 27
2 9
31 45
10 44
2 47
20 39
5 21
23 24
2 36
22 27
31 37
10 30
16 43
26 34
1 44
14 19
42 50
4 8
39 45
16 18
1 39
24 32
20 31
27 38
22 45
3 18
22 34
27 30
13 29
14 18
2 13
17 48
19 20
44 49
18 45
45 50
20 46
29 38
37 43
22 42
2 7
22 38
9 25
20 26
4 28
3 11
23 44
31 35
19 26
18 19
4 14
19 30
22 47
35 50
5 40
19 21
1 48
4 23
14 42
15 33
9 24
40 43
11 21
30 41
6 20
45 47
13 16
12 36
14 30
23 47
28 41
24 36
12 19
35 39
23 36
14 25
2 22
33 40
7 39
14 33
33 48
1 28
24 38
19 50
35 38
10 19
38 45
13 17
4 18
16 33
10 46
39 50
9 50
26 40
4 19
15 34
20 42
30 45
11 47
19 38
11 48
26 32
6 36
41 46
35 44
21 32
41 45
43 49
15 48
22 23
37 50
12 26
41 44
23 34
28 44
11 19
6 27
36 48
24 28
4 41
15 24
5 19
34 42
14 39
35 43
26 31
37 45
7 50
5 48
28 40
14 46
9 38
31 43
8 11
18 35
31 32
16 30
38 39
3 21
7 42
24 49
42 46
1 40
12 39
6 46
9 20
12 43
32 48
26 35
6 41
2 4
42 44
4 17
17 40
1 36
26 27
9 47
37 49
10 22
16 46
2 26
9 35
11 34
21 44
2 14
4 38
8 49
4 40
6 16
26 30
17 47
36 39
27 29
9 23
6 9
20 28
12 25
35 47
4 22
3 39
18 21
13 46
19 41
1 33
26 37
4 42
22 31
39 49
21 43
3 50
18 31
18 44
6 26
10 23
18 47
12 48
19 29
2 12
15 47
46 47
16 35
17 20
8 43
1 20
1 14
29 41
13 27
13 40
2 43
38 42
26 50
32 33
16 47
8 47
30 43
18 23
32 34
33 50
14 16
5 33
4 48
26 47
3 46
16 37
16 49
12 17
8 15
24 34
11 50
6 40
14 21
10 20
8 34
40 49
28 31
7 44
27 49
48 50
4 27
21 23
21 47
22 46
33 38
11 42
14 50
16 34
6 11
1 34
11 32
23 32
18 49
10 14
24 47
37 40
13 20
4 49
2 32
16 19
2 34
18 50
15 21
6 10
12 34
39 43
15 30
28 38
25 47
4 21
24 30
24 26
33 49
17 44
31 41
15 28
19 49
26 48
34 47
1 47
19 23
5 34
33 44
26 49
36 47
10 33
11 36
18 39
12 15
13 43
22 40
1 4
32 38
5 14
32 42
22 36
35 42
25 32
2 37
14 41
34 38
18 46
2 8
23 39
23 25
28 46
21 37
20 25
28 49
37 38
10 43
20 33
6 31
15 20
14 37
34 49
20 49
4 12
25 44
4 13
17 42
30 35
9 37
