100 1000
1 2
2 3
3 4
2 5
4 6
5 7
7 8
5 9
2 10
6 11
11 12
6 13
11 14
6 15
8 16
15 17
15 18
12 19
15 20
12 21
7 22
18 23
19 24
19 25
1 26
23 27
16 28
26 29
14 30
18 31
1 32
3 33
5 34
4 35
22 36
25 37
28 38
11 39
21 40
14 41
17 42
21 43
39 44
1 45
28 46
33 47
8 48
40 49
46 50
26 51
47 52
20 53
4 54
42 55
45 56
37 57
13 58
21 59
36 60
27 61
2 62
29 63
33 64
59 65
33 66
53 67
40 68
23 69
7 70
53 71
11 72
13 73
35 74
20 75
43 76
39 77
65 78
4 79
27 80
52 81
52 82
54 83
18 84
52 85
52 86
2 87
71 88
37 89
10 90
5 91
25 92
6 93
4 94
70 95
62 96
75 97
86 98
17 99
75 100
14 61
5 17
46 95
73 81
2 31
20 69
27 60
69 83
60 90
3 32
31 51
47 61
42 71
20 34
22 98
27 68
30 57
24 72
39 43
4 88
14 16
5 72
86 94
56 67
2 52
79 88
11 29
27 76
44 86
31 87
33 41
32 40
3 93
3 98
45 49
7 71
20 62
38 99
13 75
47 66
79 83
7 82
29 97
13 55
12 60
62 93
55 71
46 79
21 26
4 83
41 62
71 92
14 27
12 29
30 31
64 96
1 16
41 65
51 85
37 66
21 74
63 70
8 76
52 57
31 84
46 94
9 36
65 98
30 53
35 87
51 89
25 60
9 77
5 74
41 66
35 50
26 58
44 80
11 77
32 65
43 52
42 97
58 61
66 99
18 45
54 87
6 35
1 81
37 56
24 88
40 90
38 52
29 61
82 87
56 97
17 55
36 62
42 77
37 65
57 81
1 92
13 93
3 43
16 86
3 62
10 79
37 64
20 74
35 84
22 47
54 67
19 73
54 89
10 48
10 95
4 28
5 39
66 85
7 53
9 62
39 70
1 46
27 97
28 37
57 60
48 93
28 76
14 51
36 94
44 53
33 79
3 52
2 63
29 77
11 23
72 81
24 44
44 83
11 46
3 27
15 41
7 75
15 97
67 83
41 88
6 57
36 47
8 52
30 86
28 62
41 79
3 8
83 84
58 78
64 85
26 63
42 66
15 74
52 71
22 57
32 73
4 55
32 98
4 52
10 66
70 94
66 68
10 88
88 90
65 92
31 63
16 44
23 66
69 100
5 52
81 89
58 93
62 97
43 58
53 77
29 69
59 68
22 94
1 56
36 48
32 38
8 82
3 14
87 96
7 34
22 71
15 43
2 95
60 100
87 95
23 53
54 100
70 98
10 14
71 74
13 14
65 85
19 82
45 97
51 68
31 56
54 92
33 69
12 18
46 86
28 96
51 52
24 80
42 44
34 36
41 50
8 54
38 72
8 27
82 88
43 83
20 37
25 57
30 94
1 9
13 72
39 67
54 91
5 47
42 89
9 38
15 88
24 63
52 74
87 99
33 96
37 43
31 78
38 55
2 42
35 37
35 67
31 34
67 93
36 59
39 74
31 90
29 51
6 44
37 67
46 69
8 10
18 56
11 17
44 93
20 89
18 61
30 72
26 35
79 97
30 81
42 67
15 60
37 38
2 48
50 88
50 98
22 74
56 84
76 96
65 86
19 99
54 73
7 14
61 68
27 91
30 91
37 69
22 53
79 100
87 92
30 43
29 33
19 100
13 50
44 92
24 100
75 84
25 84
12 83
9 51
11 91
11 88
9 43
23 37
24 96
14 47
59 63
65 81
7 86
23 84
37 98
14 93
28 52
23 89
20 81
32 46
16 21
46 81
40 42
10 28
24 47
35 56
87 88
23 58
2 30
29 40
5 96
38 39
56 62
37 70
38 44
79 92
9 65
43 63
53 70
30 32
2 71
48 81
33 88
18 51
40 74
51 72
34 63
60 89
47 93
18 24
17 58
54 55
2 46
8 37
35 76
39 80
19 64
18 19
5 82
13 89
11 56
31 47
71 86
80 88
58 63
38 65
13 17
43 80
6 72
1 14
54 84
48 59
69 79
5 10
41 58
40 43
17 72
81 99
12 15
17 46
39 49
91 95
3 51
47 60
26 92
44 63
78 88
38 67
52 63
54 97
6 55
5 36
33 77
20 26
51 83
43 82
19 50
15 78
75 76
14 19
51 95
28 53
55 67
25 43
18 28
47 57
65 73
76 90
58 88
3 81
36 50
62 88
23 48
23 73
1 24
39 83
3 48
22 87
18 26
23 64
47 98
40 94
40 55
15 81
21 32
13 99
36 46
24 68
81 92
19 96
23 28
8 63
43 59
39 57
8 53
18 91
5 71
2 36
1 60
96 100
17 85
80 91
23 41
90 91
19 59
63 84
28 43
42 94
68 94
2 81
13 35
41 70
11 64
16 23
55 74
66 82
12 81
16 53
48 83
25 52
59 100
62 98
27 49
60 69
31 38
54 56
11 20
27 78
3 63
26 55
61 72
62 70
48 69
61 62
60 94
3 5
34 98
73 86
7 80
19 29
76 88
12 51
8 75
2 83
46 87
14 29
36 43
67 71
1 40
19 89
61 89
29 79
5 11
19 52
27 82
73 83
33 63
3 90
14 88
1 64
76 95
60 64
17 35
83 86
30 89
5 86
45 79
12 85
15 77
38 62
43 55
5 27
23 47
14 39
44 56
30 85
25 50
59 78
23 52
7 31
29 80
36 99
63 72
25 56
10 22
19 58
30 56
51 60
23 72
7 61
59 76
6 59
16 77
46 57
15 44
43 88
41 48
25 66
43 53
1 65
95 100
31 42
2 4
74 89
3 77
1 91
60 73
78 86
67 78
88 95
28 84
37 81
52 56
6 73
20 98
7 17
51 66
45 85
21 73
10 61
31 48
15 25
15 59
53 85
5 92
8 91
77 98
18 50
33 93
34 100
5 73
81 85
39 63
67 86
46 47
69 72
3 23
35 61
52 54
69 95
72 73
41 95
24 77
83 95
29 62
31 44
15 68
9 20
19 65
19 76
29 60
53 61
29 35
17 74
42 48
18 93
23 29
4 82
3 40
25 53
70 79
22 54
10 69
2 57
26 89
15 19
2 19
81 82
1 29
9 70
19 56
5 66
34 55
5 70
20 86
59 94
30 75
29 39
11 40
12 25
2 16
32 35
38 48
21 24
70 72
35 83
37 77
9 66
58 84
52 70
55 81
25 26
34 38
53 88
56 74
15 34
41 81
8 100
3 13
24 43
6 8
60 65
11 82
64 94
21 34
21 35
8 11
57 59
53 63
22 51
47 64
82 100
45 90
10 31
14 100
42 80
34 72
10 25
88 97
3 18
9 73
49 67
86 89
19 54
29 84
17 49
36 53
9 84
85 98
73 90
71 89
14 72
16 58
13 21
21 37
18 99
80 98
26 52
88 89
29 34
13 56
68 80
1 85
22 31
55 89
38 84
20 50
8 28
17 78
41 93
24 93
13 62
56 58
71 94
45 88
47 68
60 92
3 7
7 93
42 53
2 70
8 15
30 98
33 97
20 31
11 99
6 97
72 93
26 62
53 59
17 36
12 47
17 84
2 39
13 71
39 48
5 78
25 39
62 67
70 82
21 87
1 95
12 46
3 53
4 91
9 32
42 84
63 92
7 46
57 84
19 98
32 56
40 69
6 40
5 83
64 68
51 58
26 44
41 64
65 96
2 78
2 27
14 75
5 67
4 63
11 49
2 47
19 74
44 45
9 16
26 54
34 77
43 51
20 97
50 91
13 97
36 84
52 59
71 93
6 19
70 77
21 46
45 50
88 100
83 98
54 76
3 45
32 61
64 87
30 71
3 37
63 78
43 61
43 69
40 83
24 38
8 88
12 40
1 15
49 59
2 7
53 86
29 98
92 99
73 79
13 19
10 86
16 68
24 90
3 55
38 57
42 78
3 6
21 55
11 15
32 80
16 27
45 93
60 98
13 47
59 66
26 56
73 82
32 49
3 82
15 89
53 80
18 88
48 88
64 95
5 18
73 94
76 87
1 93
6 30
7 45
56 61
35 91
37 78
7 90
21 95
13 60
82 95
38 77
82 99
18 69
19 26
11 28
53 69
48 95
17 97
82 90
66 96
26 45
20 64
18 100
18 36
62 73
19 49
62 82
18 38
53 62
50 58
49 92
24 49
77 96
10 55
28 89
42 79
73 84
57 78
88 98
32 78
23 75
57 64
78 100
17 82
85 97
83 87
68 85
28 63
13 79
52 58
35 80
18 80
14 43
17 56
88 91
4 47
34 95
21 65
32 87
2 84
25 71
22 59
8 83
1 19
27 43
68 86
20 23
17 69
11 18
58 82
32 89
21 52
6 23
36 76
10 16
47 97
19 28
53 64
38 96
18 60
26 94
65 94
70 86
93 96
14 87
59 88
98 100
32 71
67 72
30 99
7 48
47 49
1 69
3 95
67 82
6 61
21 71
48 63
35 36
68 90
69 98
